-0.8826016337359974;0.15368842268682315;-0.5428327165092288;-0.11884481508425004;-0.7802386898444054;0.2434784901378011;-0.9075371655980884;-0.6886599124738997;0.32844643032366716;-0.2905351171165256;-0.8325530759396538;-0.6003682516134188;-0.22254802875090118;0.9180220895622859;-0.1336882209727952;-0.7689154329129471;0.923472701063099;-0.8939223296806103;-0.7914764268631662;-0.41044939847152406;-0.4702246481363068;0.7566056895284416;0.19151990902669902;-0.5748642694383115;
nw=nw=nw=nw=
0.640658019541317;0.902226924527846;0.9816834918441391;0.6926910594471238;-0.3748051685819347;0.193533419466289;-0.9225467367264586;-0.6026852832293252;-0.727873182332814;0.8133136989574241;-0.31721456708426565;-0.07331659050992378;0.8943424930894368;-0.3324227071913346;0.24764635390029777;0.3365441513387428;-0.9697761889415137;-0.3653174322464434;0.5473334453549008;-0.0659222342507162;-0.1274998078147278;-0.5180334519149017;0.5542711753806258;-0.5426447759966135;
nw=nw=nw=nw=
-0.052429887795629515;-0.34602781268062577;-0.2909867337429448;0.9636770915814974;0.823064603838332;-0.836381619857441;0.5972631151366414;0.5605784630520814;0.6661466999169199;-0.166933077084364;-0.6143757108513537;-0.6073647239480382;0.01846434349222492;0.5447032971560517;0.5103027293848297;0.7052815934638133;-0.1329910265072367;-0.8821314242563638;-0.433128384924824;0.17278858412749254;0.9826722522612068;-0.6977571888668237;-0.5130134668255293;-0.9535238116457361;
nw=nw=nw=nw=
0.7922966058723508;0.9899917555764737;0.6216050026395941;-0.09687079216571948;-0.7428855724853995;-0.8378910114537457;0.8899917537906996;0.9303762386968379;-0.24388527593159193;0.6318524299495654;0.5268200791880566;-0.4659259362305368;0.7103355155616777;-0.5936118736378322;0.3789071201681389;0.7603487403056115;0.5694153873383163;-0.13034401978921872;0.3459426910291383;0.06161315471569573;0.4607862188852181;0.675553242507881;0.5928014521538063;-0.7366585264192964;
nw=nw=nw=nw=
-0.4401309725435891;-0.5956638722808576;0.8615196707128359;-0.0759826328230846;0.22482565008697186;-0.9034689792532;0.5628911722584888;-0.49432108859904056;0.19108984491634962;0.005906512551668186;-0.23527298596563284;0.026965895281794383;0.45858746819307417;-0.7979022830217675;-0.49701339512857357;0.15901641189537696;-0.8952991910106805;0.7718626503221251;0.46880384409248865;-0.4751902962845278;-0.7813672864052017;0.5418461745546992;0.05722699353285532;0.33553718724431625;
nw=nw=nw=nw=
-0.41680127947704904;0.8531928808441351;-0.515159623038089;-0.3138543914920342;0.001095673973735778;-0.8633628587502489;0.6281327987998915;0.28531817341132526;0.839449382231716;-0.6965674820563419;-0.9276574226563798;0.9558175061776855;0.31348334866609573;-0.7742864310665993;-0.846242833697211;-0.8395581220860511;-0.08514731561837507;0.897254836740073;-0.1689188103399777;-0.1312832486659159;-0.6767848210413141;0.5446363363729005;0.752583262106252;-0.3069324229604531;
nw=nw=nw=nw=
-0.05622035635170053;-0.24301623564861696;0.4309526512188775;-0.10451422800705612;-0.7384832993650272;0.5903190665894638;-0.840346201194828;-0.42974859788169995;0.8797434396322343;0.9050660386587224;-0.2813531113711092;-0.26840564185684146;0.18610871881400537;0.028073321548539143;0.6625530457460147;-0.436463173208836;-0.2457573221071907;0.26545579385926255;-0.2620565729754252;-0.3138102596765684;-0.8464313073612169;-0.5503207916539745;0.7918082696530593;0.420910102570744;
nw=nw=nw=nw=
0.46848319239552305;-0.9594254167527294;-0.8945505793442226;-0.2180700224625416;0.08219137708920687;-0.5448178630146163;0.33053361571979023;-0.46004881464801217;-0.1641385677489675;-0.0515505198427928;0.15487215061319937;0.4090774840844573;-0.6793801275517757;0.33870336017246205;0.4326122058334039;-0.8734258760082301;0.360937952040282;-0.09597735333694235;-0.8488378358215607;0.733104590645681;0.5182440613966741;0.2836978142813893;0.48273615178542495;-0.13283607296594013;
nw=nw=nw=nw=
-0.6283830390531908;0.06558298830241704;-0.2236097914195636;0.14360748784909783;0.3730003566109925;-0.5657361513114818;-0.6094978805022875;-0.6796782234291343;-0.02066563316150649;0.6674039753007994;-0.11790864828886471;-0.29970686833947213;0.9249836085603813;0.5069545493563414;0.011165447782485405;-0.692013498422414;0.6381910687676273;-0.7228608198937037;0.30054696333553066;0.9813544938393486;0.6209933735758402;0.17147777269624864;0.5438377866395976;-0.9781536328874267;
nw=nw=nw=nw=
0.876265459866747;0.3721608118150026;-0.17423314929497713;0.11210901608933499;0.01748166614285207;-0.5470650165272986;-0.800054892596697;0.08067167875536385;0.25046117225166653;0.222387094696888;-0.6249143983300856;0.4774463825663189;0.44273116113790656;-0.4930822297078328;0.4648190637123739;0.09186410748401852;-0.20532716447487198;0.4271772854670881;0.9701243990299611;-0.34435605537853653;-0.9382883441404912;0.3777727476188506;-0.8605426679026358;-0.3025819477958469;
nw=nw=nw=nw=
0.4401857718173108;-0.9582638394068752;-0.4994584831253366;0.8932141170785484;0.8942124026009082;-0.774852905013784;0.8769302800381866;-0.8876836331814815;0.4378797684708;-0.8690070866497444;0.8800367712062955;-0.7514891314558341;-0.23162845066448678;-0.290718891356081;0.7668846301904497;-0.4002785718957673;0.8617518737257126;-0.4469821425122458;0.2598544768396811;0.1408712998737187;0.6725096339963801;0.6039895106041875;-0.08667201228811416;0.0153439794915593;
nw=nw=nw=nw=
-0.2689231235682621;0.09064942853252855;-0.9020432371983123;0.5644063427549493;-0.8657092233936543;-0.9187222654470566;-0.37665074749227756;-0.47160083209668224;-0.6986558869044586;0.4558052046826535;0.8971496981802125;0.6936677687658694;0.8972691466173757;0.5172490074576825;0.7266782435332573;0.3017159975638335;-0.05905048863867979;0.20007372782893085;-0.20812150674068897;0.7074371739889305;-0.7223842484982022;0.5525146827538412;0.41080720895877443;-0.5460784095778195;
nw=nw=nw=nw=
0.2959015657638462;0.8555843576755784;0.9781007513393016;-0.07099695795801808;0.3511819784188779;-0.46473440372631325;0.8193911106819762;-0.6579715810441316;-0.4276772535671658;0.11513142384909503;0.33480210693339574;-0.4548544909746335;0.17217449243113037;0.12764059293258345;0.1548595426658712;0.9596237840874688;0.11675351214353635;0.6289803675777104;0.5634785580662225;-0.046947888334949894;0.008568392992168938;-0.42576596391875454;-0.6734711115837331;-0.7113474806677902;
nw=nw=nw=nw=
-0.15063970646996916;-0.24532685228436613;-0.7185531895657025;-0.94379165887408;0.1534238359689959;0.6341076606004508;-0.7479757238165965;0.979638276727969;-0.909640163202623;0.4604296554358631;0.45444003652416676;-0.7010713424934025;0.9834227565231628;0.39577385814984867;-0.027381130962925937;-0.4367990538020179;0.8615557336286863;-0.5134288829070492;-0.4457824684413074;0.3255846487361562;-0.36180986774762824;-0.1352362257435531;-0.008198283582582455;-0.6108524338487118;
nw=nw=nw=nw=
-0.0765247180911015;0.6320283201251775;0.938343111826281;-0.19988119085739098;0.15054700909272234;0.40692901789402947;-0.03231357402474;-0.7360695476822863;-0.2233550948933487;-0.8999339949785579;0.0415059322373712;0.8161206078482734;0.9980223496181158;-0.5482375812343805;-0.7455935429713691;0.8322942583204065;0.1047660969388502;-0.7541907629592379;-0.031303234506165234;-0.5936198844981719;0.18061938259202615;-0.1311753386643899;0.9126102272433765;0.6874081309674716;
nw=nw=nw=nw=

lw-lw-lw-lw-
-0.00918564029546487;-0.7493035287422407;0.547478691040068;0.7240076912458098;0.26520181376319973;0.9599080907342461;-0.12520811921406416;0.9938718029234277;0.8896249194290689;-0.6260451384389072;-0.8915863001938678;0.47650655206282;-0.6642507404932052;0.08105105345905828;-0.060412162552774706;
nw=nw=nw=nw=
0.17010778297575335;0.6088797897305089;0.5363515457803949;0.33219467215955256;-0.9123871341848215;0.6072174195356732;-0.8053357911099286;0.893224721265008;0.9776008250436004;-0.6780011937413681;0.5105351179758424;0.10913798502645866;0.6555101941881214;0.5924425619814855;0.184744234479167;
nw=nw=nw=nw=
-0.7532204188940843;-0.5747850812573048;0.016382374133991462;-0.6702498667820849;-0.9448651757501534;-0.8903837432805959;0.1306298845504481;-0.886386339182875;-0.9227508639055253;0.41860222474398157;0.6135521880548553;-0.7105895638470077;0.03059495673470569;-0.8982371518062324;0.3681367985766224;
nw=nw=nw=nw=
0.4061701287778581;-0.9250466833035396;0.4387814674123962;-0.9761531993716743;-0.27713500882181963;0.4791114007921118;0.31934206377301266;-0.8186635347041034;0.3705026798363089;0.9643157985004249;-0.013842490507210536;0.7718089768846175;0.3341340748467714;-0.9779240783117025;0.5648787650873472;
nw=nw=nw=nw=

lw-lw-lw-lw-

____
0.4454785126653886;
nb=nb=nb=nb=
-0.19681994688085425;
nb=nb=nb=nb=
-0.02998832930817974;
nb=nb=nb=nb=
-0.954172307948739;
nb=nb=nb=nb=
-0.07710584345459348;
nb=nb=nb=nb=
0.23189388797149357;
nb=nb=nb=nb=
0.43043925940497907;
nb=nb=nb=nb=
-0.11464645962198339;
nb=nb=nb=nb=
-0.51952122173557;
nb=nb=nb=nb=
0.16053222940976664;
nb=nb=nb=nb=
-0.8976066722931091;
nb=nb=nb=nb=
-0.48687357409769927;
nb=nb=nb=nb=
-0.008443256752346917;
nb=nb=nb=nb=
-0.7260025771025818;
nb=nb=nb=nb=
0.06049320962810478;
nb=nb=nb=nb=

lb-lb-lb-lb-
0.36777812847585944;
nb=nb=nb=nb=
-0.10002454848169262;
nb=nb=nb=nb=
0.2789870642395309;
nb=nb=nb=nb=
0.0919784778782049;
nb=nb=nb=nb=

lb-lb-lb-lb-
