0.4135966941947533;-0.7590134948034599;-0.289267049189319;-0.9601420718407756;-0.8889018823676138;-0.08495138536944391;0.9958867527295951;0.9539131579159337;0.29727328074771076;-0.8563651405132997;0.03260321005772426;0.9343366892148797;-0.8420702027781888;0.17617722072471498;0.7425379600216684;0.8917296418383029;-0.0008440552671991064;-0.3131344954589921;-0.8107620605918713;0.2184865500291575;-0.6001117907671534;0.4988979454533635;-0.3914512158117147;0.29151568109821135;
nw=nw=nw=nw=
0.8414541776677367;-0.7553232627574427;-0.5553235460075097;-0.05797053192121404;0.5185469458511793;0.44826634646246544;0.4749893103626843;0.3030327078332946;0.19712582603396145;-0.08729856761010768;-0.14130307180515178;-0.8611482212917763;0.599850848631301;0.2348144394229006;-0.7142290262562265;0.2421068370189512;-0.9697761889415137;-0.3653174322464434;0.5473334453549008;-0.0659222342507162;-0.1274998078147278;-0.5180334519149017;0.5542711753806258;-0.5426447759966135;
nw=nw=nw=nw=
-0.052429887795629515;-0.34602781268062577;-0.2909867337429448;0.9636770915814974;0.823064603838332;-0.836381619857441;0.5972631151366414;0.5605784630520814;0.6661466999169199;-0.166933077084364;-0.6143757108513537;-0.6073647239480382;0.01846434349222492;0.5447032971560517;0.5103027293848297;0.7052815934638133;-0.1329910265072367;-0.8821314242563638;-0.433128384924824;0.17278858412749254;0.9826722522612068;-0.6977571888668237;-0.5130134668255293;-0.9535238116457361;
nw=nw=nw=nw=
0.7922966058723508;0.9899917555764737;0.6216050026395941;-0.09687079216571948;-0.7428855724853995;-0.8378910114537457;0.8899917537906996;0.9303762386968379;-0.24388527593159193;0.6318524299495654;0.5268200791880566;-0.4659259362305368;0.7103355155616777;-0.5936118736378322;0.3789071201681389;0.13301429893994676;-0.8531151819989946;-0.9215337511923878;0.8199239276097217;-0.6510362081647025;0.5044822072841959;0.9375719375713687;0.5714704991842452;0.5874276121909625;
nw=nw=nw=nw=
-0.40638388170895645;-0.8480760673872567;0.02002601867512266;-0.8399318158613138;0.22482565008697186;-0.9034689792532;0.5628911722584888;-0.49432108859904056;0.19108984491634962;0.005906512551668186;-0.23527298596563284;0.026965895281794383;0.45858746819307417;-0.7979022830217675;-0.49701339512857357;0.15901641189537696;-0.8952991910106805;0.7718626503221251;0.46880384409248865;-0.4751902962845278;-0.7813672864052017;0.5418461745546992;0.05722699353285532;0.33553718724431625;
nw=nw=nw=nw=
-0.41680127947704904;0.8531928808441351;-0.515159623038089;-0.3138543914920342;0.001095673973735778;-0.8633628587502489;-0.42535873891434073;-0.5519449686545317;-0.5823973363048482;0.29168335575564064;0.8438480427287964;0.3469959771177069;0.3746779741944948;0.7425322024742698;-0.36228985600862096;-0.6198868890231621;-0.08514731561837507;0.897254836740073;-0.1689188103399777;-0.1312832486659159;-0.6767848210413141;0.5446363363729005;0.752583262106252;-0.3069324229604531;
nw=nw=nw=nw=
-0.05622035635170053;-0.24301623564861696;0.4309526512188775;-0.10451422800705612;-0.7384832993650272;0.5903190665894638;-0.840346201194828;-0.42974859788169995;0.8797434396322343;0.9050660386587224;-0.2813531113711092;-0.26840564185684146;0.5011598836622042;-0.4644304498638858;0.16296278610585202;-0.6921708286557915;-0.003404751312101162;-0.5602356237883126;-0.7774144649044885;-0.1860838658808004;-0.23106431684944995;0.7700681462089165;0.8482258506497244;0.8416978421298524;
nw=nw=nw=nw=
0.7998812462360589;0.7249592951558905;-0.6412215618151467;-0.14846127197795678;-0.7022135358238288;-0.08731551577799657;0.48971342664659945;0.6572161816475406;0.9440781872525414;0.5057297440340469;-0.6727962899181703;-0.33704244633125646;-0.6493581622987854;-0.012356599340058283;-0.3820246516718393;-0.8479303996425218;0.06167265610533357;-0.09597735333694235;-0.8488378358215607;0.733104590645681;0.5182440613966741;0.2836978142813893;-0.13049923901723948;0.8848689051270202;
nw=nw=nw=nw=
-0.12514898179233658;0.5236879505370586;-0.5684583759853645;-0.007461656383559223;0.380573709687108;-0.41348285878880153;0.012950738304850828;-0.26904679840320367;0.7811025765123851;0.27340771446966006;-0.4694814474327138;0.15371383489872215;0.3422978226563578;-0.6185279687710856;-0.7989728031931251;-0.42782888188999557;-0.5155568483717099;-0.7452899570478781;0.07831021689299522;-0.9782455574918802;0.37963571590677514;-0.9778081203992213;0.8110529796844235;0.7524272691665661;
nw=nw=nw=nw=
-0.5588734992934028;-0.1417093808741281;-0.6207463611642798;-0.782269449235427;-0.4114976036483895;0.3625278792889395;0.9619571768508797;0.5585486895832246;-0.48186213836926717;-0.7201476860733422;0.7857609208178171;0.21082693860418478;-0.10523080525947148;0.028288762200951334;-0.07326745274380309;0.831108437474182;0.970750196302061;-0.31012628999618386;-0.12265811257979342;0.6760944199393051;-0.845110388524865;-0.5426061984613495;-0.15926543306928975;-0.7015359012268854;
nw=nw=nw=nw=
-0.6049489840612479;-0.5019462976344997;-0.41257824566697776;0.9110532360033805;-0.8024206927304418;-0.8121132857390376;-0.19335144159488138;-0.23038843319502367;-0.08674344708266735;0.19226898477846288;0.3513828060392046;-0.8333270252006604;-0.04002502036896183;-0.5048844812424158;-0.5923908979644146;0.9074292267875221;-0.13821069940743524;0.37148402285747384;-0.36677687955876714;-0.6232606188851988;-0.2682647021804958;0.28073636254956114;-0.11896701021983835;0.8590669637338224;
nw=nw=nw=nw=
0.022375084962666936;0.7553015947841304;0.43801363854383113;0.8682891108367985;-0.35549838259034217;0.8891003651882188;0.12622697489848655;-0.2061407470934591;0.7971932637497408;0.9547159342440075;-0.2952953568248191;0.08640488582534589;-0.36762314952262853;-0.5059305357401276;-0.20151162078405127;0.35170978548307175;-0.68352143262869;0.223842051528923;0.9409908311761002;-0.06849143866480989;-0.05746471676313969;-0.7336187346580587;-0.8835669977525802;-0.333789924701968;
nw=nw=nw=nw=
0.2779298525270064;-0.42627167586195513;0.13645982354716302;-0.4753596905332147;0.2675638009831305;0.31876203718556173;0.23937219761033202;0.8748180978744649;-0.7289155046832152;-0.10910121023637553;-0.2723270089804972;0.06381880350893132;0.4594072849099693;0.10848566676407256;-0.9506819220065421;-0.26167502371353346;0.07409805262922609;0.9265298695400197;0.5081553077617444;-0.046947888334949894;0.008568392992168938;-0.42576596391875454;-0.6734711115837331;-0.7113474806677902;
nw=nw=nw=nw=
-0.15063970646996916;-0.24532685228436613;-0.7185531895657025;-0.94379165887408;0.1534238359689959;0.6341076606004508;-0.7479757238165965;0.979638276727969;-0.909640163202623;0.4604296554358631;0.45444003652416676;-0.7010713424934025;0.9834227565231628;0.39577385814984867;-0.027381130962925937;-0.4367990538020179;0.8615557336286863;-0.5134288829070492;-0.4457824684413074;0.3255846487361562;-0.36180986774762824;-0.1352362257435531;-0.008198283582582455;-0.6108524338487118;
nw=nw=nw=nw=
-0.7424860681937304;0.8456873331718546;-0.15217773699608061;0.8730289517842069;-0.8654187770735351;0.11441403921563786;-0.7712262798505041;-0.7338357226276497;-0.5623526684908098;-0.004786557776008449;-0.48877274375716095;0.7744913738503065;-0.8096471412581805;0.584893463979957;0.9523805136939039;-0.8128686230806141;-0.49629879032772184;0.2635740999856131;0.04370649254118608;0.5874659366798836;-0.854349374461945;-0.3350583357060013;0.7365028026235916;-0.07430694155153228;
nw=nw=nw=nw=

lw-lw-lw-lw-
-0.11006776608743074;0.3038111985324825;-0.4397075194483744;0.17185979838082677;0.7430878730276771;0.8391042178529244;-0.046178301508070785;0.14521646841381664;-0.8826911640346009;-0.12342208949653966;0.17586519225059183;-0.8105221067882415;-0.9055576987066982;0.08105105345905828;-0.060412162552774706;
nw=nw=nw=nw=
-0.3852742421839028;-0.48767494298245473;0.5363515457803949;0.33219467215955256;-0.9123871341848215;0.6072174195356732;-0.8053357911099286;0.893224721265008;0.9776008250436004;-0.6780011937413681;0.5105351179758424;0.10913798502645866;0.6555101941881214;0.5924425619814855;0.184744234479167;
nw=nw=nw=nw=
-0.40166167115550344;0.33453471714597116;0.5737991233457669;-0.17555813623492567;0.745090106652033;-0.11025687097253778;-0.07552476176495615;-0.7907459502178726;-0.7585395757488995;-0.2597103842991104;0.25132455325562497;-0.38627927195941414;0.03059495673470569;-0.43976301434950926;0.6341873851006761;
nw=nw=nw=nw=
-0.07817112972322171;-0.4505375089100958;0.4387814674123962;0.9147934771983188;0.0611861541336598;-0.8997383675800505;-0.3322625050003858;-0.7507522619648024;0.8927383452022617;0.27891763619431864;0.4248280123881105;0.9640111970548291;0.3341340748467714;-0.18681058649164028;-0.4503223832487149;
nw=nw=nw=nw=

lw-lw-lw-lw-

____
-0.29657363145582627;
nb=nb=nb=nb=
-0.18870520555957748;
nb=nb=nb=nb=
0.867029552870525;
nb=nb=nb=nb=
0.19031519038262856;
nb=nb=nb=nb=
-0.5105855357270468;
nb=nb=nb=nb=
-0.34052000704194363;
nb=nb=nb=nb=
-0.321536578135031;
nb=nb=nb=nb=
-0.5052138027076929;
nb=nb=nb=nb=
0.5613854661431037;
nb=nb=nb=nb=
0.8377468991032775;
nb=nb=nb=nb=
0.5565965717748826;
nb=nb=nb=nb=
0.732028230037149;
nb=nb=nb=nb=
-0.7701960342391185;
nb=nb=nb=nb=
0.4440600088469968;
nb=nb=nb=nb=
0.768164607522722;
nb=nb=nb=nb=

lb-lb-lb-lb-
-0.156213854179013;
nb=nb=nb=nb=
-0.6366627141832313;
nb=nb=nb=nb=
0.7596252147345297;
nb=nb=nb=nb=
-0.29712596405024616;
nb=nb=nb=nb=

lb-lb-lb-lb-
