-0.8826016337359974;0.15368842268682315;-0.5428327165092288;-0.11884481508425004;-0.7802386898444054;0.2434784901378011;-0.9075371655980884;-0.6886599124738997;0.32844643032366716;-0.2905351171165256;0.5795912081768928;0.9343366892148797;-0.8420702027781888;0.17617722072471498;0.7425379600216684;0.8917296418383029;-0.0008440552671991064;-0.3131344954589921;-0.8107620605918713;0.2184865500291575;-0.6001117907671534;0.4988979454533635;-0.3914512158117147;0.29151568109821135;
nw=nw=nw=nw=
0.8414541776677367;-0.7553232627574427;-0.5553235460075097;-0.05797053192121404;0.5185469458511793;0.44826634646246544;0.4749893103626843;0.3030327078332946;0.19712582603396145;-0.08729856761010768;-0.14130307180515178;-0.8611482212917763;0.599850848631301;0.2348144394229006;-0.7142290262562265;0.2421068370189512;-0.9697761889415137;-0.3653174322464434;0.5473334453549008;-0.0659222342507162;-0.1274998078147278;-0.5180334519149017;0.5542711753806258;-0.5426447759966135;
nw=nw=nw=nw=
-0.052429887795629515;-0.34602781268062577;-0.2909867337429448;0.9636770915814974;0.823064603838332;-0.836381619857441;0.5972631151366414;0.5605784630520814;0.6661466999169199;-0.166933077084364;-0.6143757108513537;-0.6073647239480382;0.01846434349222492;0.5447032971560517;0.5103027293848297;0.7052815934638133;-0.1329910265072367;-0.8821314242563638;-0.433128384924824;0.17278858412749254;0.9826722522612068;-0.6977571888668237;-0.5130134668255293;-0.9535238116457361;
nw=nw=nw=nw=
0.7922966058723508;0.9899917555764737;0.6216050026395941;-0.09687079216571948;-0.7428855724853995;-0.8378910114537457;0.8899917537906996;0.9303762386968379;-0.24388527593159193;0.6318524299495654;0.5268200791880566;-0.4659259362305368;0.7103355155616777;-0.5936118736378322;0.3789071201681389;0.7603487403056115;0.5694153873383163;-0.13034401978921872;0.3459426910291383;0.06161315471569573;0.4607862188852181;0.675553242507881;0.5928014521538063;-0.7366585264192964;
nw=nw=nw=nw=
-0.4401309725435891;-0.5956638722808576;0.8615196707128359;-0.0759826328230846;0.22482565008697186;-0.9034689792532;0.5628911722584888;-0.49432108859904056;0.19108984491634962;0.005906512551668186;-0.23527298596563284;0.026965895281794383;0.45858746819307417;-0.7979022830217675;-0.49701339512857357;0.15901641189537696;-0.8952991910106805;0.7718626503221251;0.46880384409248865;-0.4751902962845278;-0.7813672864052017;0.5418461745546992;0.05722699353285532;0.33553718724431625;
nw=nw=nw=nw=
-0.41680127947704904;0.24437597782957599;-0.515159623038089;-0.3138543914920342;0.001095673973735778;-0.8633628587502489;-0.42535873891434073;-0.5519449686545317;-0.5823973363048482;0.29168335575564064;0.8438480427287964;0.3469959771177069;0.3746779741944948;0.7425322024742698;-0.36228985600862096;-0.6198868890231621;-0.08514731561837507;0.897254836740073;-0.1689188103399777;-0.1312832486659159;-0.6767848210413141;0.5446363363729005;0.752583262106252;-0.3069324229604531;
nw=nw=nw=nw=
-0.05622035635170053;-0.24301623564861696;0.4309526512188775;-0.10451422800705612;-0.7384832993650272;0.5903190665894638;-0.840346201194828;-0.42974859788169995;0.8797434396322343;0.9050660386587224;-0.2813531113711092;-0.26840564185684146;0.5011598836622042;-0.4644304498638858;0.16296278610585202;-0.6921708286557915;-0.003404751312101162;-0.5602356237883126;-0.7774144649044885;-0.1860838658808004;-0.23106431684944995;0.7700681462089165;0.8482258506497244;0.8416978421298524;
nw=nw=nw=nw=
0.7998812462360589;0.7249592951558905;-0.6412215618151467;-0.14846127197795678;-0.7022135358238288;-0.08731551577799657;0.48971342664659945;0.6572161816475406;0.9440781872525414;0.5057297440340469;-0.6727962899181703;-0.33704244633125646;-0.6493581622987854;-0.012356599340058283;-0.3820246516718393;-0.8479303996425218;0.06167265610533357;-0.09597735333694235;-0.8488378358215607;0.733104590645681;0.5182440613966741;0.2836978142813893;0.48273615178542495;-0.13283607296594013;
nw=nw=nw=nw=
-0.6283830390531908;0.06558298830241704;-0.2236097914195636;0.14360748784909783;0.3730003566109925;-0.5657361513114818;-0.6094978805022875;-0.6796782234291343;-0.02066563316150649;0.6674039753007994;-0.11790864828886471;-0.29970686833947213;0.9249836085603813;0.5069545493563414;0.011165447782485405;-0.692013498422414;0.6381910687676273;-0.7228608198937037;0.30054696333553066;0.9813544938393486;0.6209933735758402;0.17147777269624864;0.5438377866395976;-0.9781536328874267;
nw=nw=nw=nw=
0.876265459866747;0.3721608118150026;-0.17423314929497713;0.11210901608933499;0.01748166614285207;-0.5470650165272986;-0.800054892596697;0.08067167875536385;0.25046117225166653;0.222387094696888;-0.6249143983300856;0.4774463825663189;0.44273116113790656;-0.4930822297078328;0.4648190637123739;0.09186410748401852;-0.20532716447487198;0.4271772854670881;0.9701243990299611;-0.34435605537853653;-0.9382883441404912;0.3777727476188506;-0.8605426679026358;-0.3025819477958469;
nw=nw=nw=nw=
0.5091466453731217;-0.2914370274185203;-0.8627492339901284;-0.3753232601823322;-0.6078342548972511;-0.8249224990389725;-0.17703074839536637;-0.008865961007811007;-0.8479163818662623;0.6697247900836905;-0.8853098133484321;0.24495695373401594;0.14136911575186262;0.24083721313777628;0.7668846301904497;-0.4002785718957673;0.8617518737257126;-0.4469821425122458;0.2598544768396811;0.1408712998737187;0.6725096339963801;0.6039895106041875;-0.08667201228811416;0.0153439794915593;
nw=nw=nw=nw=
-0.2689231235682621;0.09064942853252855;-0.9020432371983123;0.5644063427549493;-0.2909804807636489;-0.7340672528856571;0.8938019493217317;0.6572204098417254;0.789967256036745;-0.614447061158401;-0.12399256212895282;0.6710894630438637;0.13694978869621144;-0.6887535736368369;0.866803122110112;0.02435795698576726;0.5812124363014526;-0.9494603907293562;0.4783269069066136;-0.5252728397778677;-0.15193599561197146;0.2347474505859306;-0.10830747079657033;0.5291777188921747;
nw=nw=nw=nw=
-0.8701537700116788;0.552576594584038;-0.6653858484462021;0.4250540354600536;-0.6382239457293617;0.6914383802461497;0.08323897329118757;-0.8044684643235278;-0.4276772535671658;0.11513142384909503;0.33480210693339574;-0.4548544909746335;0.17217449243113037;0.12764059293258345;0.1548595426658712;0.9596237840874688;0.11675351214353635;0.6289803675777104;0.5634785580662225;-0.046947888334949894;0.008568392992168938;-0.42576596391875454;-0.6734711115837331;-0.7113474806677902;
nw=nw=nw=nw=
-0.15063970646996916;-0.24532685228436613;-0.7185531895657025;-0.94379165887408;0.1534238359689959;0.6341076606004508;0.8475438790058591;0.09832298759855207;0.5617649829620797;-0.9614140364103305;0.3828944739430593;0.7390514733016098;0.6355148625829856;-0.6048915893845519;-0.9446457650478657;0.59038933197778;0.06738129601983323;0.8645655147701377;-0.23383182504591105;0.949679582469136;0.4679146490807087;0.6441207816985726;-0.9599583178358981;0.14471768458396306;
nw=nw=nw=nw=
0.7590459055227992;0.6441130912188893;-0.09342427171261192;0.14238345257287488;-0.6089056647382922;0.4415983924847784;0.5690622940068981;-0.515228287864204;-0.008018380247887924;-0.6573319839782237;-0.16384786210921232;-0.7570620110443858;0.9980223496181158;-0.5482375812343805;-0.7455935429713691;0.8322942583204065;0.1047660969388502;-0.7541907629592379;-0.031303234506165234;-0.5936198844981719;0.18061938259202615;-0.1311753386643899;0.9126102272433765;0.6874081309674716;
nw=nw=nw=nw=

lw-lw-lw-lw-
-0.8711619744209553;0.1538551612172292;0.4057402113480575;0.630393667590367;-0.5720341983589599;0.044203855221707;0.9416940119728487;0.3979220194928279;0.6769270956301134;0.8868222146455049;-0.9559911743360805;-0.06304756280664381;-0.38868078859605193;-0.8213124063787411;-0.060412162552774706;
nw=nw=nw=nw=
-0.3852742421839028;-0.48767494298245473;0.5363515457803949;0.33219467215955256;-0.9123871341848215;0.6072174195356732;-0.8053357911099286;0.893224721265008;0.9776008250436004;-0.6780011937413681;0.5105351179758424;0.10913798502645866;0.6555101941881214;0.5924425619814855;0.184744234479167;
nw=nw=nw=nw=
-0.40166167115550344;0.33453471714597116;0.5737991233457669;-0.17555813623492567;0.745090106652033;-0.11025687097253778;-0.07552476176495615;-0.7907459502178726;-0.7585395757488995;-0.2597103842991104;0.25132455325562497;-0.38627927195941414;0.8275270641260677;0.5257616580001991;0.909516413305155;
nw=nw=nw=nw=
0.03187672415996645;-0.08043403669684035;0.6766889577840496;0.41537567290779864;0.7559670477426359;-0.724427760817465;0.7192306866553293;-0.0026155328177130954;-0.3914865331652204;0.9146102997448418;-0.25843831498637515;-0.05282003236404287;0.15979893972928738;-0.9779240783117025;0.5648787650873472;
nw=nw=nw=nw=

lw-lw-lw-lw-

____
0.31273762867711197;
nb=nb=nb=nb=
-0.634950467281651;
nb=nb=nb=nb=
-0.3982388201257987;
nb=nb=nb=nb=
-0.954172307948739;
nb=nb=nb=nb=
-0.07710584345459348;
nb=nb=nb=nb=
-0.7564745697665523;
nb=nb=nb=nb=
0.5869940535545308;
nb=nb=nb=nb=
-0.3236008277956064;
nb=nb=nb=nb=
-0.8009026470575518;
nb=nb=nb=nb=
0.16053222940976664;
nb=nb=nb=nb=
0.03505421845504486;
nb=nb=nb=nb=
0.6010094782941282;
nb=nb=nb=nb=
-0.6466812874060863;
nb=nb=nb=nb=
0.5815104172180179;
nb=nb=nb=nb=
0.8269948584794182;
nb=nb=nb=nb=

lb-lb-lb-lb-
-0.16768996720737195;
nb=nb=nb=nb=
0.6392569144948432;
nb=nb=nb=nb=
0.5981412346487329;
nb=nb=nb=nb=
0.6471351541879509;
nb=nb=nb=nb=

lb-lb-lb-lb-
