0.4294862049367041;0.818510199565764;0.7284877397081717;-0.772680992919214;-0.8714583569214138;0.8062643950070452;0.5265335843947863;0.5655310655281138;-0.993450064388433;0.07948382959580158;-0.9356949215554347;0.924468059082604;-0.8698756730490806;-0.7257311110905664;-0.2197969472687924;-0.554214545005757;0.6231724568532633;0.07231194080223746;0.631168300072517;0.47713101604845476;0.9205995313096949;-0.3169000941503688;0.5739338925235022;0.5308147095289248;
nw=nw=nw=nw=
-0.31117734916228;0.6503039680046565;0.40636021568075353;-0.8394011377303969;0.7566320104234747;-0.6870590240096093;-0.5969400568546688;-0.9129269287724164;-0.18447234703613824;-0.32506311261271637;0.08186335250531585;0.18646692490298156;0.0453760989610561;0.7104719689710588;-0.11651682686264175;-0.2794839052285456;-0.567579345519905;0.7091872780511412;0.224375872379303;-0.43948445265029745;-0.0870672303398532;-0.42277169094931755;0.03308541780899432;0.5743097865198536;
nw=nw=nw=nw=
-0.9725297173569021;-0.813393977857918;0.8173380480751498;0.6938318664899092;0.6413988471265948;0.44849760942884;-0.29618849300747585;-0.9271948273881727;0.4786294535610909;-0.10475678609948869;0.4210806780777214;-0.5212160752872295;-0.7910063836760306;-0.24787584182297095;-0.13741736839378138;0.658193375061557;0.7615606802252572;-0.42286764938389654;0.23682595024622177;0.019150037509851003;-0.052608587026274245;-0.5637288591869827;-0.28075478525180486;0.015551034889451865;
nw=nw=nw=nw=
0.7061734984935661;0.25928399990479867;0.5362507440051314;-0.03630106767443442;0.6312165164289298;-0.6447236032180015;0.20542888421669847;0.3518814567115336;0.4430568986729544;0.8010965788353861;-0.9074886175660253;0.27934934179375515;-0.42085240576305405;0.46493978670724156;-0.2570376398889791;-0.8226869432371355;-0.2786250805808699;-0.6164549071914187;0.04229450283070446;0.3457036829138169;0.8746628108621646;-0.8780677454941936;-0.3753650145960272;-0.7970127506802249;
nw=nw=nw=nw=
0.3771952604771678;-0.09862320374473765;0.0002473702765886099;0.26075926819267004;0.2813781601050167;-0.411659766604936;0.5909963177835125;0.8831822464277559;-0.8092759584625409;0.6100582971792317;-0.3195413768445885;0.3553340162216905;0.2802793903876155;-0.28907313019421976;-0.7216890125392454;-0.53599632916957;0.931063038033269;0.8507629922449431;0.5638280334440471;0.6077507136369111;0.8871910225293234;0.7092612888440393;-0.8116717010459078;-0.04818029829790382;
nw=nw=nw=nw=
-0.2466992124431493;0.9351316799843024;-0.4844079546419189;0.48499754143845375;-0.15455842660304353;-0.20179826043084637;-0.6804903398030102;-0.897668198181597;-0.07644803124706478;0.1686006080990603;0.45494481095293726;0.4064923749536089;0.8292773183662157;-0.3257537597184348;-0.27181572523605113;-0.5383134458056087;0.5529368723039367;-0.7754674153580867;-0.6110899328521526;0.9287436578098303;0.11864166761710337;-0.7218164000997591;0.13728355467666709;-0.7960709846710419;
nw=nw=nw=nw=
0.6981920077040138;0.977938575002105;-0.7840209707871595;-0.5100767037167688;-0.5344296936159756;-0.32588653002708945;-0.5954008218208013;-0.9601590780336595;-0.45852876100013074;0.9658736149520508;-0.6612204536328936;-0.27762440534460553;-0.8873180971048777;0.9559309720041012;0.31669804539008295;0.9465441534047261;-0.6918972593521744;-0.6083232578107518;0.9226656597377096;-0.7414265846442782;0.38758073772023205;0.06865207248134242;0.5750731765265766;-0.7072968203600545;
nw=nw=nw=nw=
0.0729739146405346;-0.5835390206088864;0.6118278702771813;-0.4933813576454762;-0.2307654130070691;0.21005323834667644;-0.29367163260874696;-0.8904167629259352;0.6111301099225304;-0.6793239006596565;-0.06737194587859974;-0.39015935563607074;-0.8009849627800723;-0.09804120389832649;-0.7952154310334896;-0.9312612842960348;-0.7616726686962942;0.4892252356008646;0.9330678513965396;-0.7211092445829344;0.2357152857172009;-0.6839380200019611;0.28365270722556035;-0.3740442387589853;
nw=nw=nw=nw=
0.7382942479133423;-0.8105788186171701;-0.23111480856485578;0.9965938861606649;-0.4165670410974889;0.5807863050655766;-0.1763951231448324;-0.7385946635782077;0.34670241228786347;-0.5622084778800922;-0.2527088651667324;0.04389686688534411;-0.4177540513504323;0.6023596528007917;0.03509227061400866;-0.6366252343621852;0.8339543576144994;0.7020682908928981;-0.7980022852744568;0.6774577718659731;-0.2824844741819619;0.6350732695130574;-0.48111264078331284;0.8076554411297701;
nw=nw=nw=nw=
-0.19540687142971302;0.8145483322197862;0.1558548367332666;0.7593352410266552;-0.9636747514114432;-0.9245744471109527;0.5512734603531892;0.4642822012937111;-0.4602472602581038;-0.7158960276759434;-0.10874457984113328;-0.46630824308464147;0.798852714681155;-0.15971308503311543;-0.00928419782175438;0.10006597394959149;0.22998182473720385;-0.5038087838219008;0.4688129283812579;-0.44950707710705906;0.025366169901062996;-0.869691048990427;-0.6514765976794554;-0.9065033994968779;
nw=nw=nw=nw=
0.7894436248083381;-0.008072566562320693;0.5868483153713271;0.26292736169204267;-0.07736486967437117;-0.4418173845580049;0.4448092765701881;0.4955266501912565;0.33054424642578906;-0.12387064521036906;-0.7948867708516083;-0.9586800727886882;0.8993526229437057;0.763146142157153;0.1712177087749147;-0.817541974113648;0.9895567201466628;-0.7307210971849707;0.9501289784125846;-0.9285132223069799;-0.8545962346305065;-0.2940433531833275;0.8409457145464394;0.7893506170429756;
nw=nw=nw=nw=
0.6230781194494555;-0.6279265127233564;-0.8973610106045036;-0.9401020102474318;-0.6886693777984252;-0.9980721425183761;0.2088310460086138;-0.7025811110369198;-0.18120739750030723;0.7035584036937721;0.7092536111989212;0.9467381714380534;-0.9924901721463524;0.2550446180754089;0.7906383091026279;-0.7002593358278493;-0.09137829940867204;0.552981817373051;0.7016825092692027;-0.06454797221868658;0.1374197459388926;0.700724724560337;-0.05174594030078872;0.9163056879732834;
nw=nw=nw=nw=
-0.2966848528731614;-0.23970108630078224;-0.20907271964410978;0.03256045647788319;-0.5347384489827038;-0.7953139058642669;0.7832393546023919;0.4220800654443033;0.7657269155120769;-0.041381350015502916;-0.13552252374145302;0.27957976722184186;-0.640400958235325;0.4439658263921771;-0.7334341878190669;-0.19275892156540775;-0.5201968016661482;-0.02737027515814927;-0.4263913716871228;-0.9408670342789016;0.27526112141163717;-0.4582856060306182;-0.3400836794512796;0.6303597687099154;
nw=nw=nw=nw=
0.04657061108426741;-0.2863622506444634;-0.7891237807182012;0.4501686550810695;-0.247715343379447;-0.9722879427823357;0.06713029837164619;0.36763578317440837;-0.42356245309253726;-0.2042807655265213;0.3519822428905415;-0.5323332528309865;-0.3835228094596863;-0.4566546615497231;-0.17692819334526;-0.5179832710024901;0.7109549569535158;-0.04834385791665019;-0.865680927017269;-0.22900336214374795;0.5261036178863798;0.10092943891569717;0.22676793303098575;-0.4769311465290176;
nw=nw=nw=nw=
0.1331794461823983;-0.6536878409801161;0.9662339918998548;0.09939152456286626;-0.8622745308363633;0.9633488875032032;0.03389044406531383;0.3948917986537037;0.14151429477094024;0.5617392194037134;-0.5483702745524375;0.7319062491024311;0.848445108508187;0.17106303220428498;-0.6592741205986743;-0.3612574631283696;0.09753566686891468;0.7498942956306689;-0.6603684916247785;-0.2189480438051672;-0.3997479259911021;-0.1887448619195642;-0.8224174946871081;-0.0631990176786037;
nw=nw=nw=nw=

lw-lw-lw-lw-
0.26961107739176193;-0.9415882722993205;-0.5960208548020403;0.41232703348824673;0.9007053993283507;0.07654335854763716;-0.1334335067761674;-0.7264216098563292;-0.8000929367960192;-0.8434955557224513;0.9290433658488422;-0.4730901897409727;-0.3855452937683006;0.6064232975130912;0.9557025835058204;
nw=nw=nw=nw=
0.6490018537658921;-0.4098507745525122;0.6209575335849515;-0.7952161991484052;0.5421204280770255;-0.2623583604353732;0.5470696012606886;-0.8422743072718881;0.8995329329152253;-0.9500374778895215;0.8075624267008423;0.5439138460326667;0.3244330415430663;-0.31338928231080243;-0.34428829144759376;
nw=nw=nw=nw=
0.027953789034848686;-0.5279106482381677;0.044251320779004066;0.9464288102517129;-0.929326008203418;0.16561283407969074;0.4833834181112282;0.18202693849885243;0.5971700462133704;0.10202351604711057;-0.38098026798564777;0.8791849501488911;0.6587921167146547;0.020494489195291177;0.1492633629049862;
nw=nw=nw=nw=
0.8011510624437084;-0.9925898495907732;-0.376073564076302;-0.6250440068457173;-0.030445446627666017;-0.8206442141769779;-0.9711032396697032;-0.4723455110848911;0.9104782903666899;-0.4306909889017041;0.04605000076461807;0.8534559895091742;0.6925455868577537;0.9979675266829353;-0.6745227091379247;
nw=nw=nw=nw=

lw-lw-lw-lw-

____
0.22092064475899265;
nb=nb=nb=nb=
-0.3488074582778571;
nb=nb=nb=nb=
0.11449849451346572;
nb=nb=nb=nb=
0.25723670354385475;
nb=nb=nb=nb=
-0.3621250683481325;
nb=nb=nb=nb=
0.5370026899882865;
nb=nb=nb=nb=
-0.22157954235503086;
nb=nb=nb=nb=
-0.6029858957216561;
nb=nb=nb=nb=
-0.9852675379559503;
nb=nb=nb=nb=
-0.9855498018084967;
nb=nb=nb=nb=
-0.6135146702307379;
nb=nb=nb=nb=
0.03351582424140487;
nb=nb=nb=nb=
-0.5213475004363699;
nb=nb=nb=nb=
0.5957784852857246;
nb=nb=nb=nb=
0.4837930958267085;
nb=nb=nb=nb=

lb-lb-lb-lb-
0.3408243815281844;
nb=nb=nb=nb=
0.3209172439612842;
nb=nb=nb=nb=
-0.12282065346076143;
nb=nb=nb=nb=
0.6279880958719075;
nb=nb=nb=nb=

lb-lb-lb-lb-
