0.20953545470918922;0.4237241069515991;0.5388902591896176;0.9878213791020112;-0.2541510572217518;-0.478093806224952;-0.8530858209876955;-0.4208403748121943;-0.6093832802536818;-0.2144911149696278;-0.46955478976793974;-0.5244895428224616;-0.9285699386770556;0.02597484417721385;-0.0033598335052436035;0.666775489993342;-0.0786061422124027;0.19419364736785427;0.6548430143913997;0.386517254212853;-0.9551512910426285;0.34506958654963316;-0.4353871813235628;0.9939485934696826;
nw=nw=nw=nw=
0.30415392564549415;-0.7258844806814371;0.16961812121562203;0.9814269206285755;-0.07951854008905856;0.505440756935766;-0.17663348759224728;-0.5655984503245566;-0.2204680816153748;-0.34126882030675887;0.8792183756415091;-0.5081505216799747;-0.7319443700790116;0.9595955888392167;-0.883477153695909;0.09771171020547853;-0.6189741847867123;0.6094864062349015;0.3739108509513085;-0.5226768749367587;-0.6346118886711121;0.39661569787672857;-0.6600803156081301;-0.9858941853708405;
nw=nw=nw=nw=
-0.0919646687481599;0.10076137516361294;-0.6265267285168599;0.510336210560858;-0.463795918604782;0.41444747259423753;-0.9866607449402438;-0.9145892501123398;-0.3320832488467149;-0.8442197251913663;0.7164490743225087;0.4467780251639526;0.47444533669199584;-0.7195329003594002;0.6581177338199338;-0.5706463434214561;0.8157072610360199;-0.24115004851444288;0.1841924915412292;-0.03352095397871424;-0.7070710032784981;0.8537829271510005;-0.819040550692469;-0.831514072086976;
nw=nw=nw=nw=
-0.09719457148400856;-0.8919658710239893;0.33275596687804865;-0.15916759510013856;0.16086809827798643;-0.8272597376473627;0.9786013938474689;0.11967349704552777;-0.18622305383338777;-0.42782527367746903;0.4489270825868332;-0.4642731905340869;0.40463358764089263;-0.26531307690681794;0.5268219874393696;0.7336150598202582;0.8026342108768953;-0.135372327475481;-0.49814380682750103;0.34275737199236866;-0.20352861735020356;0.6499745256920932;-0.6773343319075296;0.07329385974752123;
nw=nw=nw=nw=
-0.16015261651532908;-0.8824710570769116;-0.9882630410505424;-0.7500160652948551;-0.05150546821393753;-0.6626026391738533;0.03747224984672903;-0.13085189680184572;-0.7323847411420095;-0.6110545205876892;0.41155545596798193;0.6590459438437215;-0.8632180495136395;0.9358665526434404;-0.941156641795325;0.6199103478581973;-0.9636855803085802;0.14672090014416095;-0.811010994959328;0.9933773519988738;-0.8970352983415899;0.06597493240916164;0.8570305280548551;0.6668964869324185;
nw=nw=nw=nw=
0.7116849341829061;0.4573279849806695;-0.44614213320343454;0.23354659494255658;0.5763006510188218;0.9246014044116238;0.48792013901723985;0.8037386521776735;-0.12588606112172385;0.7565609657164876;0.9878472703469552;0.24392983235744037;0.33775121123130414;0.5350037960852141;0.6734537122592634;0.2918145065043718;0.8066515368897389;0.7468147460162979;-0.5344272803386971;-0.637939439326211;0.8624957941291183;0.9917159354226286;0.8932014044889174;0.5583926020724539;
nw=nw=nw=nw=
0.6496186322411308;-0.2639367989634753;0.023952501521267155;0.04864747713460793;-0.7328887363208441;-0.93319365671983;0.7243685159498203;-0.4895532679287897;-0.8285113968255793;0.5307825661066607;-0.08589872907054552;0.9405644218311782;-0.7083168043066748;-0.8317619413441255;-0.8435358596920863;0.24631305270471748;0.5595440967944085;0.940235502010794;0.876981520421863;-0.8610982111203758;-0.6075329449316338;-0.5719853769457821;-0.22319751337845872;-0.5006927628144695;
nw=nw=nw=nw=
0.0800402703903369;-0.37719560308632705;-0.22224674344433182;0.1670245127649983;0.34364578580868743;0.53901607012382;-0.6144318048741821;-0.7960562457580753;-0.18539241566374765;0.7895535202096384;-0.9701075805486854;0.9891349958442037;-0.012339589594712264;-0.14377105811731572;0.27326791793310723;-0.13856223096018216;0.9286282675922997;0.07613828273166434;0.3457308696566439;-0.7932248013849712;0.14058776293938924;-0.2859314164546314;0.4461791268686761;0.03199339258906808;
nw=nw=nw=nw=
-0.6167984801954534;-0.8532579251338657;-0.27838044319266775;0.373321715188045;-0.5981078260756889;0.2921331477693432;0.36378800913754095;0.7488614925528134;0.08208376169947051;0.4776428425875674;0.9446087159158201;0.3095236792881082;0.9102365041248484;-0.42531415285073315;-0.8461642915392278;0.00847524360733054;-0.796923346157165;0.493340708020265;-0.6350012738271578;-0.44698218151788094;0.9958700261126912;-0.842246571989107;0.3311184442149715;0.1306485853404742;
nw=nw=nw=nw=
-0.8966482749165201;-0.6346931271126843;0.4120959090516154;0.3016005290414514;0.3998743063435073;-0.11674851410894327;-0.1610933123887197;-0.24988895022912772;-0.9385233119095815;-0.14004892728568485;0.9797461528507656;0.9572292666994378;0.9515724119668421;0.4425805411487278;0.443863419428433;0.49104793314853934;0.6038052507021121;0.9316037288458712;-0.7488253469482524;0.5309396831883333;-0.2821536068251025;-0.004883821269209054;0.9335330459941824;-0.85846066985963;
nw=nw=nw=nw=
-0.6684574891853883;0.3110423008486143;0.6145905803594538;-0.47013138752389705;0.2959559198964157;0.28374596697471954;0.46096846543424785;-0.32845885551085674;-0.21086145462582828;-0.6343063347701878;-0.04694226699767445;0.6989108093848957;0.7381064444437873;0.5942994660700782;-0.04786613220365621;-0.12964371169930766;-0.3132207625430854;0.024092571863922663;0.8540880938583759;0.4485815175698227;0.36679909328577787;-0.2503388842483687;0.3740711396199583;0.2711625047529722;
nw=nw=nw=nw=
-0.11226383840036824;-0.24123537708190868;0.16573378699358043;-0.41101822272883504;0.41030625045408486;0.19055968876569196;0.20198534888800435;-0.9440022978467921;0.20379256377574873;-0.06673679112987574;0.40853885500176124;0.28318272702993075;-0.6330538865699495;-0.33712252403983545;-0.4309476609728986;0.4651187856285428;-0.9943038461251936;0.5301390355261137;-0.5999299119805797;0.250945560125865;-0.0033730647862391105;-0.9848599818160761;0.33578553270443545;0.7275166366884998;
nw=nw=nw=nw=
0.9029616700416321;-0.907191833281616;0.8883510745954262;0.8512578312326922;0.2918976580535262;-0.3549090748629433;0.2691396361835272;-0.7553643508729517;0.6713197726560465;0.10948823156688237;0.33168335754901923;-0.3234721087366905;0.43427407229616954;0.7868030669056232;-0.5783742353379175;0.5743714770546904;0.9566813047762708;0.982078889771274;0.3831115063411934;-0.1084855539042957;0.31325383337584545;-0.18771923045046646;-0.6463658168523325;0.06617972931352822;
nw=nw=nw=nw=
0.9034467927468897;0.6549271917242534;-0.7891237807182012;0.4501686550810695;-0.247715343379447;-0.9722879427823357;0.06713029837164619;0.36763578317440837;-0.42356245309253726;-0.2042807655265213;0.3519822428905415;-0.5323332528309865;-0.3835228094596863;-0.4566546615497231;-0.17692819334526;-0.5179832710024901;0.7109549569535158;-0.9188765875559894;-0.012026269356547381;-0.16069899754074468;-0.9300156770777466;-0.8463244310184055;0.7135248518420496;-0.4769311465290176;
nw=nw=nw=nw=
0.24354453788785335;-0.040895534097557196;0.7832899971618312;0.7037288473920316;0.07208472193602522;-0.1579316272553526;-0.5401419190170837;-0.07963449117832755;-0.9140423470777459;0.7481739832698573;-0.6923861232387376;-0.3437993923554008;-0.47216106814545356;0.6068461309480997;-0.977750490248223;0.8971995070185592;-0.5182322952853626;-0.3921750777360524;0.8188143010078859;-0.0888426637601023;-0.8666834057965505;0.5909946228315133;-0.7347622763854338;0.32326306153134254;
nw=nw=nw=nw=

lw-lw-lw-lw-
0.37662581588634314;-0.24263905057941004;-0.742172840453196;-0.08261858746230866;-0.06566571257567033;-0.4649865665377588;-0.1334335067761674;-0.7264216098563292;-0.8000929367960192;-0.3781074604595267;0.3743085223628848;-0.11663883245646756;0.9374992036038066;0.48126768474877824;-0.08217859386813275;
nw=nw=nw=nw=
0.3032609170948306;-0.9006319515783219;-0.9250638414310977;-0.7952161991484052;0.5421204280770255;0.43570890805551366;0.6223359731912361;0.37576436521569057;0.7049398764774668;-0.4165750897358258;-0.1558977433248241;0.6219936964063;0.0436923318178053;0.8785246430429126;-0.4865159807789663;
nw=nw=nw=nw=
0.7281815353849601;0.5616664085054486;-0.33517032767516275;0.6316612915123911;0.18085706181436723;-0.28261824060243157;-0.3464145860544212;0.4792324652595059;-0.030126045720892503;-0.6856509081955686;0.6430268471980993;0.9624531157529168;0.8802026900720001;-0.8546264358820699;0.9208922341676491;
nw=nw=nw=nw=
0.8654030382969935;-0.894524464436216;0.42697169313836714;-0.8427031605637569;-0.2883649098826029;-0.09983915490458206;0.0016571294400442582;0.9023078560886564;0.6665260134288891;-0.2815850611688331;-0.7672924150038865;0.23230187623335619;0.31664032563459865;-0.45922332607408833;-0.3987534722094188;
nw=nw=nw=nw=

lw-lw-lw-lw-

____
-0.9831249505711293;
nb=nb=nb=nb=
-0.6860096359598986;
nb=nb=nb=nb=
0.33904066223198814;
nb=nb=nb=nb=
-0.7046836221300954;
nb=nb=nb=nb=
0.01638353353987454;
nb=nb=nb=nb=
0.9204709735381833;
nb=nb=nb=nb=
-0.47945003251571316;
nb=nb=nb=nb=
0.33652081516869403;
nb=nb=nb=nb=
0.6759906141487371;
nb=nb=nb=nb=
-0.20779932204076634;
nb=nb=nb=nb=
-0.20333149452749755;
nb=nb=nb=nb=
-0.9021099927607925;
nb=nb=nb=nb=
-0.11325478288567004;
nb=nb=nb=nb=
0.2858925200919511;
nb=nb=nb=nb=
-0.48651113044926575;
nb=nb=nb=nb=

lb-lb-lb-lb-
0.9815889221964325;
nb=nb=nb=nb=
-0.0004662755795341589;
nb=nb=nb=nb=
-0.18280209535055247;
nb=nb=nb=nb=
0.8223675461269349;
nb=nb=nb=nb=

lb-lb-lb-lb-
