0.3821426259357321;-0.7219517762799263;-0.8043825642902982;0.702748337995377;-0.4946203941518279;-0.9908950613619492;-0.7646075154548371;-0.12423758967607368;-0.11637151278960745;0.4321871456484281;-0.4859050465062873;-0.26826114340657226;0.6835151076990369;0.0038099910934272785;0.7425379600216684;0.8917296418383029;-0.0008440552671991064;-0.3131344954589921;-0.8107620605918713;0.2184865500291575;-0.6001117907671534;0.4988979454533635;-0.3914512158117147;0.29151568109821135;
nw=nw=nw=nw=
0.8414541776677367;-0.7553232627574427;-0.5553235460075097;-0.05797053192121404;0.5185469458511793;0.44826634646246544;0.4749893103626843;0.3030327078332946;0.19712582603396145;-0.08729856761010768;-0.14130307180515178;-0.8611482212917763;0.599850848631301;0.2348144394229006;-0.7142290262562265;0.2421068370189512;-0.9697761889415137;-0.3653174322464434;0.5473334453549008;-0.0659222342507162;-0.1274998078147278;-0.5180334519149017;0.5542711753806258;-0.5426447759966135;
nw=nw=nw=nw=
-0.052429887795629515;-0.34602781268062577;-0.2909867337429448;0.9636770915814974;0.823064603838332;-0.836381619857441;0.5972631151366414;0.5605784630520814;0.6661466999169199;-0.166933077084364;-0.6143757108513537;-0.6073647239480382;0.01846434349222492;0.5447032971560517;0.5103027293848297;0.7052815934638133;-0.1329910265072367;-0.8821314242563638;-0.433128384924824;0.17278858412749254;0.9826722522612068;-0.6977571888668237;-0.5130134668255293;-0.9535238116457361;
nw=nw=nw=nw=
0.7922966058723508;0.9899917555764737;0.6216050026395941;-0.09687079216571948;-0.7428855724853995;-0.8378910114537457;0.8899917537906996;0.9303762386968379;-0.24388527593159193;0.6318524299495654;0.5268200791880566;-0.4659259362305368;0.7103355155616777;-0.5936118736378322;0.3789071201681389;0.7603487403056115;0.5694153873383163;-0.13034401978921872;0.3459426910291383;0.06161315471569573;0.4607862188852181;0.675553242507881;0.5928014521538063;-0.7366585264192964;
nw=nw=nw=nw=
-0.4401309725435891;-0.5956638722808576;0.8615196707128359;0.9686880553790134;-0.747690503314919;-0.9878226446497231;-0.13224286328412171;0.1268936964624705;-0.7518678724489212;0.902368568851734;-0.8262644356299982;0.4881862955750136;-0.22911922145247687;0.006939042063739409;0.6931885655978329;-0.47945300914904343;-0.42163252437758425;-0.46868060177373105;-0.0999070832051987;-0.39931075990602793;0.2242718261156793;-0.7499920971715899;-0.8712713344582226;0.3636081035618175;
nw=nw=nw=nw=
0.060694944091162606;0.33002548951938815;0.5087116328287082;0.35053745003759884;-0.36025701120842224;-0.8334152664845553;-0.7670101117601225;-0.6840511866364576;0.18034117181178444;0.7451643423563139;0.9935131007378823;0.5861504208102069;0.39672324522159097;-0.5230895593796177;0.7999623950495709;0.101935258786096;-0.24426875350423316;0.6078477176510948;0.9136064967188129;0.5759914802455832;0.2678678453743524;-0.7846209314389858;0.7142178060323598;-0.339722548967607;
nw=nw=nw=nw=
0.16752892637747063;-0.9196913053471247;0.4730202414091429;0.7270979635482187;-0.5076990398886161;0.1602999840537329;-0.6877658166431986;-0.5082156769933242;-0.1064409826815853;0.31167779029066733;-0.38551008683555676;0.41110460222717826;-0.04417275468260318;0.17818412963570118;-0.8169413199409454;-0.37749585315616074;0.2267828599864803;-0.9413793086169913;-0.517025822306943;0.9296778367093639;0.14344909906349157;0.2068170949172301;-0.9443171763544138;-0.35579945450186146;
nw=nw=nw=nw=
-0.47774205388018753;0.7421671224740365;-0.005372033471936044;-0.7437662629805162;-0.8917000230272343;-0.39783045811504714;0.6527814110434116;-0.4305015659575633;-0.23769689007392447;-0.6543475543122093;0.7575671821807424;-0.7724533186471827;0.2983412329556274;-0.5661239592855989;0.8282047596627196;-0.8823394598944192;0.7692306906484112;0.2191212492494048;-0.6003023875417206;-0.16296450017724062;0.4336270895794534;0.6887995575351227;0.239904720274414;-0.9340730422345414;
nw=nw=nw=nw=
0.23520070483004618;0.06503092148667045;0.8701947721442782;-0.4904293490744198;0.5973765034381839;0.42102100826753075;-0.8766598844412563;-0.17558838081753003;0.3911076027109104;0.6264175065212494;-0.7849656298470626;0.572854778619768;0.18546225958631135;-0.5954673778329727;0.4733560049669647;0.3371357823826504;-0.00403107079152365;0.8252324386691732;-0.9996759060774587;-0.6470222497021774;0.8732615896207474;-0.30483896572073377;-0.6726676072636739;-0.5883796896343716;
nw=nw=nw=nw=
-0.042949444160883976;0.3721608118150026;-0.17423314929497713;0.11210901608933499;0.01748166614285207;-0.5470650165272986;-0.800054892596697;0.08067167875536385;0.25046117225166653;0.222387094696888;-0.6249143983300856;0.4774463825663189;0.44273116113790656;-0.4930822297078328;0.4648190637123739;0.09186410748401852;-0.20532716447487198;0.4271772854670881;0.9701243990299611;-0.34435605537853653;-0.9382883441404912;0.3777727476188506;-0.8605426679026358;-0.3025819477958469;
nw=nw=nw=nw=
0.4401857718173108;-0.9582638394068752;-0.4994584831253366;0.8932141170785484;0.8942124026009082;-0.774852905013784;0.8769302800381866;-0.8876836331814815;0.4378797684708;-0.8690070866497444;0.8800367712062955;-0.7514891314558341;-0.23162845066448678;-0.290718891356081;-0.3798707596279094;-0.015955573691579072;0.8383855949416432;0.4614033496420893;0.8232543809384492;0.8956069303668108;0.4756311759472416;-0.025832954465705882;0.3670408535583025;0.06359216903111387;
nw=nw=nw=nw=
0.616934878486779;-0.7329737152163405;0.016463934862781082;-0.4009208007966869;0.37736477303338223;-0.9777676349992459;0.2432354473242646;0.2936444061944312;0.7609864941803848;0.4613849460315136;0.06246738996550105;-0.9491216354084475;0.3312536987070398;0.5813509537482107;0.5977542039669188;0.16400996962770198;0.5812124363014526;-0.9494603907293562;0.4783269069066136;-0.5252728397778677;-0.15193599561197146;0.2347474505859306;-0.10830747079657033;0.5291777188921747;
nw=nw=nw=nw=
-0.9757436650716336;0.6322099552698308;0.4164221898894904;-0.2602832372788437;0.7987146450382545;0.31551693875135434;0.00747951867984642;0.7798099012541322;0.48182082310331786;0.062421507908499096;0.1809057908450269;-0.6233056594077404;-0.9459741251561349;-0.27725369728787386;0.4190213743023221;-0.02499021937130519;-0.11084927080801177;0.2322439120422033;0.5634785580662225;-0.046947888334949894;0.008568392992168938;-0.42576596391875454;-0.6734711115837331;-0.7113474806677902;
nw=nw=nw=nw=
-0.15063970646996916;-0.24532685228436613;-0.7185531895657025;-0.94379165887408;0.1534238359689959;0.6341076606004508;-0.7479757238165965;0.979638276727969;-0.909640163202623;0.4604296554358631;0.45444003652416676;-0.7010713424934025;0.9834227565231628;0.39577385814984867;-0.027381130962925937;-0.4367990538020179;0.8615557336286863;-0.5134288829070492;-0.4457824684413074;0.3255846487361562;-0.36180986774762824;-0.1352362257435531;-0.008198283582582455;-0.6108524338487118;
nw=nw=nw=nw=
-0.0765247180911015;0.6320283201251775;0.938343111826281;-0.19988119085739098;0.15054700909272234;0.40692901789402947;-0.03231357402474;-0.7360695476822863;-0.2233550948933487;-0.8999339949785579;0.0415059322373712;0.8161206078482734;0.9980223496181158;-0.5482375812343805;-0.7455935429713691;0.8322942583204065;0.1047660969388502;-0.7541907629592379;-0.031303234506165234;-0.5936198844981719;0.18061938259202615;-0.1311753386643899;0.9126102272433765;-0.9099850431053387;
nw=nw=nw=nw=

lw-lw-lw-lw-
0.8801301395826988;-0.7159156044583745;-0.6607364845433834;0.11848569160567934;-0.5972266654311018;0.12379442780259797;-0.6071875306818486;0.024716139140166016;-0.11283472672422556;0.8758837631112859;-0.7990595634429842;-0.40691158202787436;-0.7366359073478612;0.29771259266871763;-0.48366491466758466;
nw=nw=nw=nw=
0.17010778297575335;0.6088797897305089;0.8151544851050088;-0.13227307393313947;-0.45679458356764124;0.3969898597800616;0.3488331430406373;0.41947876907078774;-0.9103067026568212;0.25872262842828175;-0.11827362688161691;-0.47058563632304007;-0.5460899015873535;0.6425263116442004;0.9928055118658186;
nw=nw=nw=nw=
-0.3906486411986785;-0.6801130320539286;0.1269429380263507;0.18378180678154288;0.09293854167070603;-0.1656489329185249;0.39583715591894797;-0.17220922158946572;0.34669708145839984;-0.6313166267902965;-0.39733656684879004;-0.4195793923433375;0.5974161277808563;-0.2558812926154066;0.9165528327436074;
nw=nw=nw=nw=
0.05597615173164083;0.41419903015376813;0.13843109346626092;0.7657494726289089;0.9862431852557734;0.457896067714193;-0.6965348339389987;-0.8186635347041034;0.12692065827885624;0.36286952478192736;0.10663357656339767;0.8998983866550325;-0.4259586339970045;-0.9253974832950553;-0.31897211802357406;
nw=nw=nw=nw=

lw-lw-lw-lw-

____
-0.15393689148655842;
nb=nb=nb=nb=
-0.634950467281651;
nb=nb=nb=nb=
-0.3982388201257987;
nb=nb=nb=nb=
-0.24842942469207752;
nb=nb=nb=nb=
-0.22374127228927088;
nb=nb=nb=nb=
-0.1471198049867164;
nb=nb=nb=nb=
0.8829308896441961;
nb=nb=nb=nb=
-0.15502426349518683;
nb=nb=nb=nb=
-0.02783804301685522;
nb=nb=nb=nb=
-0.45601980231957606;
nb=nb=nb=nb=
-0.658584490172756;
nb=nb=nb=nb=
-0.4010125820329422;
nb=nb=nb=nb=
-0.40831265840819553;
nb=nb=nb=nb=
0.4440600088469968;
nb=nb=nb=nb=
-0.5244322484735922;
nb=nb=nb=nb=

lb-lb-lb-lb-
0.520529425204578;
nb=nb=nb=nb=
0.4836997410617896;
nb=nb=nb=nb=
0.6474416212888887;
nb=nb=nb=nb=
-0.31638466490064054;
nb=nb=nb=nb=

lb-lb-lb-lb-
