-0.7326387990652976;-0.865293829130402;-0.3876348830609533;0.5010986531665518;0.10263839815929221;0.355656335514245;-0.9407818947431499;0.7841238394907155;0.6565402832961809;0.10410955121395249;0.9034282737569053;-0.5983884356674527;0.4472730003092582;-0.43169909849481813;-0.5633204869225856;-0.4337597503301236;0.11212108913765562;0.6830840711222375;0.7372534674178821;0.1705049167719208;-0.5653793537287692;0.5069097554562723;0.27965210833872756;-0.7003293834292452;
nw=nw=nw=nw=
-0.5911510616308042;0.2695832987821587;0.39912688489895976;-0.8886402746205657;0.7853070712724521;-0.5301505338846955;-0.16875466621243418;0.2488304447338614;-0.15835819419747144;0.8007029315908245;-0.9717059017616334;0.43399476321045527;-0.14469575479848729;-0.32210950419663353;0.22503685079549274;-0.2539088169642556;0.3953035384913266;0.55585909465166;0.224375872379303;-0.43948445265029745;-0.0870672303398532;-0.42277169094931755;0.03308541780899432;0.5743097865198536;
nw=nw=nw=nw=
-0.9725297173569021;-0.813393977857918;0.8173380480751498;0.6938318664899092;0.6413988471265948;0.44849760942884;-0.29618849300747585;-0.9271948273881727;0.4786294535610909;-0.10475678609948869;0.4210806780777214;-0.5212160752872295;-0.7910063836760306;-0.24787584182297095;-0.13741736839378138;0.658193375061557;0.7615606802252572;-0.42286764938389654;0.23682595024622177;0.019150037509851003;-0.052608587026274245;0.20316731271374477;-0.526180992313052;0.38759764313175493;
nw=nw=nw=nw=
-0.8426836942867879;-0.44513853429946537;-0.9657629854119292;0.7097372429729409;-0.5287331350439237;-0.4708041554807201;-0.1582114270388224;-0.18860775240964323;0.635834297684609;-0.5960293218373172;-0.8776793921364692;0.031137760658710434;-0.18229381508850073;0.6074417834417989;0.5922104439281977;-0.23878210503604458;-0.811340788523873;0.7206071639656373;-0.409730124147321;0.6779394258247771;-0.7425476277203511;-0.5114988627102568;0.5487814189960742;0.9137579273189647;
nw=nw=nw=nw=
0.8696223190141585;-0.3053452349664221;0.7044916526317406;-0.9681814313775858;0.615883638514062;-0.16348830438553108;0.7059283978735391;-0.49623551483595074;0.824767335811802;0.3891662418317339;-0.15559997795027636;0.8900046094894001;-0.35238520596203804;0.8744624548060775;0.7112499010246363;0.7103923975669446;-0.27084689848870735;-0.24726166093281998;0.8117604278071324;-0.25090153055944175;0.7200720709156045;0.09721910001306844;0.2668600846123532;0.1174656022028715;
nw=nw=nw=nw=
-0.31239368900769393;0.16071348280490638;-0.25521773739052955;-0.20824724891741897;-0.6096810524879075;0.6491769908808747;0.7051727003271455;0.5896767862420147;-0.43031972221663906;0.36416992306692286;-0.5626077449134759;-0.45426808293876153;-0.7761957261041776;-0.8158584429530396;0.3052094565535932;0.40993175187754227;0.5176971719171017;-0.9901613550303765;-0.5898094558656011;0.042502669711762975;0.7989360333867173;0.29678402697237494;0.15100435474836882;0.33939447875602613;
nw=nw=nw=nw=
0.5163875425584237;-0.8867739339574807;-0.2003694365232327;-0.7017156402492515;-0.6349618298465285;0.3810864360068833;0.5267429218959558;0.9787251335211289;0.4776355245669557;-0.7898436668858888;-0.04232523673997246;0.5413594230482006;-0.8217416827902162;0.04079235510058221;0.8650652406612773;-0.4410240616859513;0.625989873674385;0.90555607114711;-0.6568731418661917;-0.05301170488072682;0.21221142784544833;0.2780000378093437;-0.33285618621898494;-0.9461773245988034;
nw=nw=nw=nw=
-0.7419065082622185;-0.18025739274360952;0.42594266068935926;-0.9452998934292367;-0.763639446773795;0.8693017565580505;-0.2955921774442418;-0.4703873480621099;-0.33705072658576074;-0.4012779701544442;0.38841263485480826;-0.6960545596723666;-0.41804598150129957;-0.8163937941921682;-0.2506934261740228;0.40768383264747876;-0.9917533817077344;0.32444256674304195;-0.7268360781386434;0.7196482424008062;-0.49421141263906954;-0.6017431957745776;0.20229906915264628;0.5087802028477448;
nw=nw=nw=nw=
-0.7789996841008437;0.25002852517918206;-0.23566899561327292;-0.4468763037693313;0.898275749184186;-0.867973859797232;-0.7873651296259763;-0.5599461847855749;0.34670241228786347;-0.5622084778800922;-0.2527088651667324;0.04389686688534411;-0.4177540513504323;0.6023596528007917;0.03509227061400866;-0.6366252343621852;0.8339543576144994;0.7020682908928981;-0.7980022852744568;0.6774577718659731;-0.2824844741819619;0.6350732695130574;-0.48111264078331284;0.30494095529689824;
nw=nw=nw=nw=
0.7772852181744649;-0.9612285448681197;-0.5604278046313613;-0.21177070945962773;-0.29537392079284563;0.7605090403377512;0.07915987571127303;0.3317118624642559;0.6068923957160253;-0.7158960276759434;-0.10874457984113328;-0.46630824308464147;0.798852714681155;-0.15971308503311543;-0.00928419782175438;0.10006597394959149;0.22998182473720385;-0.5038087838219008;0.4688129283812579;-0.44950707710705906;0.025366169901062996;-0.869691048990427;-0.6514765976794554;-0.9065033994968779;
nw=nw=nw=nw=
0.7894436248083381;-0.008072566562320693;0.5868483153713271;0.26292736169204267;-0.07736486967437117;-0.4418173845580049;0.4448092765701881;0.4955266501912565;0.33054424642578906;-0.12387064521036906;-0.7948867708516083;-0.9586800727886882;0.8993526229437057;0.763146142157153;0.1712177087749147;-0.817541974113648;0.9895567201466628;-0.7307210971849707;0.9501289784125846;-0.9285132223069799;-0.8545962346305065;-0.2940433531833275;0.8409457145464394;0.7893506170429756;
nw=nw=nw=nw=
0.5046312213628124;-0.6805671111246883;0.7621902970291337;-0.7090937952270469;-0.9696091909540843;-0.7835590956164507;0.14802147740148652;-0.14906482430135548;-0.9210245626177638;-0.8676438376018396;0.0869499458415115;0.28970240896464317;0.7093968340578751;-0.122325591735162;0.9944080739281078;-0.49728318774779723;-0.6583574692315581;0.48544754795704637;-0.43912231445394534;-0.44755307572579883;-0.9197671727214793;0.12175104014936378;0.4263480518972045;-0.7024618511683096;
nw=nw=nw=nw=
-0.2716565334471073;-0.3158583367249568;0.3103942133923696;0.534098069317404;0.37187357161773904;0.09826230819864423;-0.12559435422024112;0.9948463188396413;0.45024276176251554;0.6394317065107762;-0.03586621536989565;-0.4664123028706353;-0.4520173572218864;-0.835380782167757;-0.5783742353379175;0.5743714770546904;0.9566813047762708;0.982078889771274;0.3831115063411934;-0.1084855539042957;0.31325383337584545;-0.18771923045046646;-0.6463658168523325;0.06617972931352822;
nw=nw=nw=nw=
-0.2980533271640142;0.2848343520791763;0.8839725688566586;-0.1101413432679883;0.5196124948645124;-0.8842958588775796;0.41101858603939934;0.9639258941434659;0.37831815559625737;-0.009865859618925388;0.22318766358184083;-0.5323332528309865;-0.3835228094596863;-0.4566546615497231;-0.17692819334526;-0.5179832710024901;0.7109549569535158;-0.9188765875559894;-0.012026269356547381;-0.16069899754074468;-0.9300156770777466;-0.8463244310184055;0.7135248518420496;-0.4769311465290176;
nw=nw=nw=nw=
0.24354453788785335;-0.040895534097557196;0.7832899971618312;0.7037288473920316;0.07208472193602522;-0.1579316272553526;-0.5401419190170837;0.3948917986537037;0.14151429477094024;0.5617392194037134;-0.5483702745524375;0.7319062491024311;0.848445108508187;0.17106303220428498;-0.46297399169278597;-0.39652698363093775;0.5063895323588963;0.8652169119869415;0.23008969900342158;0.2442481856721921;-0.4694115441900921;-0.9315469108071421;0.579343140835791;-0.40624124585191157;
nw=nw=nw=nw=

lw-lw-lw-lw-
0.26961107739176193;-0.9415882722993205;-0.5960208548020403;0.41232703348824673;0.9007053993283507;0.07654335854763716;-0.1334335067761674;-0.7264216098563292;-0.8000929367960192;-0.8434955557224513;-0.8915317872111037;-0.44358271662992865;-0.7661433265482802;0.8646529726357803;-0.3568553031713402;
nw=nw=nw=nw=
0.6709310577053875;-0.6646005410244167;0.8476540434435367;-0.97716389517796;0.884907671442484;0.9756850557004084;-0.6043388141566528;-0.29433679091889897;-0.8115608580213187;-0.08883254838469257;-0.38978487507910975;0.31142670053862553;0.7777431707726223;-0.2846688007427034;-0.1920450554551174;
nw=nw=nw=nw=
-0.2667351725977989;-0.9992855652215831;-0.24291972366830183;0.007902077255613316;0.9136033684137759;-0.9470687425823485;-0.2313138486789763;-0.314424988978963;0.5971700462133704;0.10202351604711057;-0.38098026798564777;0.8791849501488911;0.6587921167146547;0.020494489195291177;0.1492633629049862;
nw=nw=nw=nw=
0.8011510624437084;-0.9925898495907732;-0.376073564076302;-0.6250440068457173;-0.030445446627666017;-0.8206442141769779;-0.9711032396697032;-0.4723455110848911;0.9104782903666899;0.7301650818005239;-0.8730377279139936;0.8534559895091742;0.2806566613279895;-0.013318048423454742;-0.8306551592437086;
nw=nw=nw=nw=

lw-lw-lw-lw-

____
-0.9020834054667237;
nb=nb=nb=nb=
0.30072877081905025;
nb=nb=nb=nb=
-0.56468563842126;
nb=nb=nb=nb=
-0.4742938002824413;
nb=nb=nb=nb=
0.5180522048312781;
nb=nb=nb=nb=
0.029184079938163965;
nb=nb=nb=nb=
-0.23576071837943147;
nb=nb=nb=nb=
0.9967868626090559;
nb=nb=nb=nb=
0.7435163613454363;
nb=nb=nb=nb=
0.2914531170743411;
nb=nb=nb=nb=
0.6480767025449512;
nb=nb=nb=nb=
-0.12345417145838455;
nb=nb=nb=nb=
0.8050573068366838;
nb=nb=nb=nb=
-0.10105029180258729;
nb=nb=nb=nb=
-0.7593415551328653;
nb=nb=nb=nb=

lb-lb-lb-lb-
0.7836624397546963;
nb=nb=nb=nb=
0.9142732186943232;
nb=nb=nb=nb=
0.048804190298803896;
nb=nb=nb=nb=
-0.28155441599499853;
nb=nb=nb=nb=

lb-lb-lb-lb-
