0.277905537104155;0.5926175420563426;-0.2315223841370635;0.631902315772557;-0.15036390001086963;-0.15853968234114135;0.5395378383973033;0.3933247529235493;-0.6352883262561906;-0.8602224074830593;-0.5702929993242782;0.7593520491864243;0.8769231802083859;-0.2743667243788612;-0.08335480807841189;0.5186407786940241;0.6013363306541095;-0.9517051582720009;-0.2748205696876882;0.8646067486495519;0.9547188489986114;-0.8191074517515569;0.10397578685675879;-0.0646115415418258;
nw=nw=nw=nw=
-0.6804553759295846;-0.09863326744333722;-0.8369152043119097;-0.41021462684750754;-0.2892462503195805;0.9365330653276991;0.7368800534025084;0.20388566584345247;0.14380362887030484;0.2313567143523536;0.33768963252089956;-0.17033363691059678;0.11892998480269745;-0.07386687812711235;-0.1559864004987579;-0.5226219195149702;-0.1403536599630819;0.7729290852796287;0.6627510554615168;-0.9367250466286969;0.8451625599375754;-0.8101160945143779;-0.16484974581023892;0.6234790989816636;
nw=nw=nw=nw=
-0.5172352140042105;0.7115815510055408;-0.7538804915097927;-0.8691280635451681;0.8749943679909287;-0.8258612655212603;-0.1291216493434333;0.7485872329917571;-0.5509673392874608;-0.4125169649214666;-0.6413430617333569;-0.8125616752194147;-0.29606759647091097;-0.04454400678853632;-0.7756434912269232;0.36293069345555273;0.17497734297310363;-0.73478211571117;-0.45084764365248065;0.9513662966752421;-0.32775756091299635;-0.8253895827303006;-0.14206823658166368;0.4942353959730872;
nw=nw=nw=nw=
0.7460131841269113;-0.5161269661159451;-0.4270767527487922;-0.4201823050761393;0.32239565399829107;-0.837060919937505;-0.42846104331945334;0.26763568350376765;-0.24533192819983451;-0.18181563500886577;-0.5749642142302469;-0.8886654764789805;-0.3448464615118412;-0.5964802991460976;-0.3024212160057558;0.6985051094836854;-0.6160590388190763;0.9433774390094287;0.9738022889421318;0.41716452632575196;-0.8865834659560958;0.38432453748000617;0.11057977680754982;0.27114345254482775;
nw=nw=nw=nw=
-0.24822523877547664;-0.5116679863293281;-0.7783753831898843;-0.7794164038731504;-0.34499478678030626;-0.3116565965271758;-0.9338902544740784;-0.2094331632353208;-0.5639625155182528;0.34796829868314516;-0.3671669587819377;-0.5995187122903094;0.7965133234251156;0.8635994519106946;0.9637208931468519;0.031994254987920634;-0.6414456932931532;0.9085040355885519;0.4019140710445026;0.7681475601437635;-0.09628238920133492;-0.7636316822154678;0.7623841636956279;-0.39669408594954025;
nw=nw=nw=nw=
0.3256905441405207;-0.2936101837933496;-0.5144645422078475;0.37238170829692474;-0.31666304247258736;-0.035816727461249975;0.37876905759519963;0.05516660816052554;0.5498966438373807;0.8224372534220912;-0.053627028603815186;-0.045779116495601846;0.15873249669179068;0.6763529442150484;-0.6316852232162433;-0.6266753082098901;0.7645693367576294;0.4812665319298932;0.8004801543779674;0.8870885090512644;0.5102812980615423;0.6053414859293764;-0.015220253332136613;-0.9799490128033457;
nw=nw=nw=nw=
0.3866616461638803;-0.19949766818342907;-0.6980724005340468;-0.3934288415259022;-0.23264294899713733;-0.17176081192139137;-0.7624507874093587;0.5503380862594027;-0.3861722547675883;-0.1485899940265718;-0.11268301975066075;0.25269965293831476;-0.87344103623202;-0.869470292358208;0.19401723226525402;-0.6191159144142793;0.8662215021915363;-0.9707002316002533;-0.7059707987954433;-0.6856083368551331;-0.6300887479052064;-0.3267441380697953;-0.5187653738853548;0.9748765221357645;
nw=nw=nw=nw=
0.9571165594076707;-0.6994931454489277;0.5031346981506215;-0.781207679480658;0.13555125791149125;0.7400714246617468;0.9046379717955193;0.8106319294669029;-0.7747263501618393;0.8599784273609368;0.14727901246126818;-0.5653282194658229;0.10438077179205196;0.35930219574272937;0.3882569534695488;0.8814345539128152;0.7214924684320883;-0.28300884172064533;0.7088319911429237;0.754695871679645;-0.1471445905569222;0.46875428625824234;-0.924965723002888;0.8094649268222218;
nw=nw=nw=nw=
0.9474539847087804;0.2780289176848365;0.5811833510118227;0.621636298582517;0.7797294327189037;-0.1387779403028977;0.9589504914746787;0.570481760721262;0.44966338098110636;0.9292762976013715;-0.008612079692484897;-0.8492518208832933;0.31175248902277186;-0.4162468069310934;0.21844187003435112;0.6096162300288459;-0.10519464899881226;-0.1313926913386847;-0.5847144918801106;0.3697737951230502;0.32543739603569777;-0.2959774600838663;-0.14965037334338072;0.35017303076313566;
nw=nw=nw=nw=
-0.38834114553981447;-0.5276169628746314;0.5890335752048683;0.6748771507675584;-0.7208426329174513;-0.0959265863880081;-0.7112572427639541;-0.39383148965144477;-0.11464335762316824;0.5955898218688278;-0.6241381406183837;0.06697518547537307;0.6277383274213051;0.13097622875842396;0.10219630513424027;-0.6108821633941477;-0.006830201898208488;0.9400157703963887;0.7227209836339683;-0.26471044246958764;0.8212249477433595;0.11772198569698245;-0.40038820334423497;-0.38215770562035334;
nw=nw=nw=nw=
0.19665071400352474;-0.49364655475662467;-0.2137509886268103;0.02787249428859062;-0.20375002871462278;0.5596994908224144;0.7494828013606278;-0.9260061288996748;0.5494905979659523;0.5334396444988316;-0.08863727220989515;-0.8549736823946457;-0.9487765635569627;0.49632615330508156;0.9040412631193968;0.04497338688884378;0.4906693507963886;0.4637601602016257;-0.06249709454958352;-0.2187282885121029;-0.9414618835321564;0.6163033271105784;-0.0695427035906242;0.9818261299609659;
nw=nw=nw=nw=
0.5002552617447438;0.6292750806055913;0.13714750099117112;0.34518984006746667;-0.16509676771247594;0.1558931782536741;-0.4464847308732698;-0.12765272135221983;-0.2502252141727841;-0.17551492378425926;-0.5456577794132755;-0.9541004841532084;0.44680847411227087;0.07732090356717802;-0.8172704116891218;-0.762861927938234;-0.9998660483290867;-0.38291053392869845;-0.5437308514558805;-0.23892990502154077;-0.7594232873146036;0.7806737508799599;-0.17937975718082777;-0.4146851666273226;
nw=nw=nw=nw=
-0.9390799958022737;-0.8421927821880604;-0.48341602677987594;-0.5246856039857315;0.18819083020252725;-0.010651939167797053;0.5927491538352525;0.23001427783149553;-0.7242048976451108;-0.9868283647251923;0.143400688458867;0.6028464639123903;0.9467356354462242;0.15537477338324313;-0.7521639575445955;-0.1120321992544282;-0.639998198144639;0.33078615141305234;-0.9548344305784182;-0.3721131174687595;0.4767484647990421;-0.34515886258172457;-0.5806258598089604;-0.728995516781888;
nw=nw=nw=nw=
-0.9384384223072397;-0.184138662176345;-0.5769002029141703;0.1498558521413933;0.4417928478410369;-0.8176105155782629;0.4661622217717889;0.03659744542742294;-0.6743807995601099;-0.02593949611385704;-0.339989373519922;0.6908723836026835;-0.6719025966265311;0.17880202122965527;0.4517862761420208;-0.44330471009503736;-0.04336222097234965;0.9498162909849315;-0.876355028939148;-0.7008713777390645;-0.9937885001434816;-0.7138356418203329;-0.9523476743926302;0.06572852256174588;
nw=nw=nw=nw=
0.36027988137257116;0.12225990423459043;-0.47627593287732517;-0.934476105342714;-0.4644029314415685;0.5808092332271519;0.3247699244300002;-0.9781899100557521;-0.4980456631870158;0.09121367125189406;0.7000381609236042;0.8815358933114206;0.37098012886101017;-0.6361400673539483;0.3662441759644548;0.9444615144402566;-0.7940154229865259;-0.12411708642786934;0.37894193326065584;-0.79722358995586;-0.8394219553837874;-0.9895309261791327;0.4895787343141682;-0.3042007997883265;
nw=nw=nw=nw=

lw-lw-lw-lw-
0.6397814057070117;-0.040371333970199874;0.7006776918543993;-0.009924026894189364;-0.538970232420777;0.7343316769202355;-0.3629539144117362;0.541777393958969;0.11205125860258458;0.34579431246353254;-0.3299201452417022;-0.9237331230023613;-0.5139930707161495;0.6494013844415853;-0.6424265996904372;
nw=nw=nw=nw=
0.6644949038640784;0.7713357925033344;0.5213323787411572;0.3871422211746707;0.899487083088371;0.5826997430803416;0.07182115311569626;0.7768842392126716;-0.8784320206832574;0.11315871752451057;-0.3189737930195118;0.2148720693379429;0.6759742254555379;0.5244296063561511;-0.605506364759248;
nw=nw=nw=nw=
0.7326449937117188;0.03936800503722604;0.7813737427926981;0.6301471198821931;0.09944776292330415;-0.37888870688758836;0.9411712103530865;-0.42145276627560313;-0.03879010985243392;0.02131436742672621;0.8152769053983193;0.6470139457620032;0.39089770863766304;-0.7268403060321551;0.6022047019545815;
nw=nw=nw=nw=
-0.8466639877676287;0.9149656921289893;0.13313231666492098;-0.3328082149469349;0.5687938935380372;-0.9610204405739347;0.5639211229959642;-0.15521330837523117;0.2407616588253314;0.12829882542667215;-0.6397667256316844;-0.7609406426804914;-0.8187135214633103;0.22749687686253228;0.9115155234531895;
nw=nw=nw=nw=

lw-lw-lw-lw-

____
0.11620774065370965;
nb=nb=nb=nb=
-0.49086481230675894;
nb=nb=nb=nb=
-0.8256340037579801;
nb=nb=nb=nb=
-0.04715639362496593;
nb=nb=nb=nb=
0.7460954343791018;
nb=nb=nb=nb=
-0.647228685565953;
nb=nb=nb=nb=
-0.2994470418694235;
nb=nb=nb=nb=
-0.9084830077813499;
nb=nb=nb=nb=
-0.5621962902820854;
nb=nb=nb=nb=
-0.7324757788234058;
nb=nb=nb=nb=
0.027114946283387287;
nb=nb=nb=nb=
-0.6470428485192752;
nb=nb=nb=nb=
0.9882781908688816;
nb=nb=nb=nb=
0.7171168662646326;
nb=nb=nb=nb=
0.8871160814191854;
nb=nb=nb=nb=

lb-lb-lb-lb-
0.18409246008978353;
nb=nb=nb=nb=
0.34049284268759283;
nb=nb=nb=nb=
-0.14896108897114257;
nb=nb=nb=nb=
-0.9236258804183604;
nb=nb=nb=nb=

lb-lb-lb-lb-
