0.20953545470918922;0.4237241069515991;0.5388902591896176;0.9878213791020112;-0.2541510572217518;-0.478093806224952;-0.8530858209876955;-0.4208403748121943;-0.6093832802536818;-0.2144911149696278;-0.46955478976793974;-0.5244895428224616;-0.9285699386770556;0.02597484417721385;-0.0033598335052436035;0.666775489993342;-0.0786061422124027;0.19419364736785427;0.6548430143913997;0.386517254212853;-0.9551512910426285;0.34506958654963316;-0.4353871813235628;0.9939485934696826;
nw=nw=nw=nw=
0.30415392564549415;-0.7258844806814371;0.16961812121562203;0.9814269206285755;-0.07951854008905856;0.505440756935766;-0.17663348759224728;-0.5655984503245566;-0.2204680816153748;-0.34126882030675887;0.8792183756415091;-0.5081505216799747;-0.7319443700790116;0.9595955888392167;-0.883477153695909;0.09771171020547853;-0.6189741847867123;0.6094864062349015;0.3739108509513085;-0.5226768749367587;-0.6346118886711121;0.39661569787672857;-0.6600803156081301;-0.9858941853708405;
nw=nw=nw=nw=
-0.0919646687481599;0.10076137516361294;-0.6265267285168599;0.510336210560858;-0.463795918604782;0.41444747259423753;-0.9866607449402438;-0.9145892501123398;-0.3320832488467149;-0.8442197251913663;0.7164490743225087;0.4467780251639526;0.47444533669199584;-0.7195329003594002;0.6581177338199338;-0.5706463434214561;0.8157072610360199;-0.24115004851444288;0.1841924915412292;-0.03352095397871424;-0.7070710032784981;0.8537829271510005;-0.819040550692469;-0.831514072086976;
nw=nw=nw=nw=
0.7061734984935661;0.25928399990479867;0.5362507440051314;-0.03630106767443442;0.6312165164289298;-0.6447236032180015;0.20542888421669847;0.3518814567115336;0.4430568986729544;0.8010965788353861;-0.9074886175660253;-0.7419440845404939;-0.11054376340847227;-0.6334273315368875;-0.7331929179536041;0.5324689685231236;-0.3791602772929452;0.6828731276729039;-0.004540312559483395;0.06199720025381339;-0.2544715717937065;0.3482999357466767;0.46081851568544296;0.27247106479219063;
nw=nw=nw=nw=
0.2293963484399928;-0.8692549906391154;0.020762149536425634;0.396610020341001;0.5623398027658482;-0.2120303817886151;0.7157561061967377;0.6665902767266176;-0.07536379410767702;0.053451581109587254;0.6601664954990887;-0.6331002883773051;-0.5834149499877839;0.47097986698994077;0.7197887059648578;-0.29401552561164324;-0.6803793160469342;-0.12268911016386408;-0.7936125540578873;0.06350582110632241;0.0577856047968357;0.9451679606785592;-0.6594771212610118;0.33129007951773026;
nw=nw=nw=nw=
-0.2466992124431493;0.9351316799843024;-0.4844079546419189;0.48499754143845375;-0.15455842660304353;-0.20179826043084637;-0.6804903398030102;-0.897668198181597;0.26334510250894505;-0.28378886435546447;0.5715529438412827;0.1789685680644153;0.14923137332151448;0.0698727690951888;-0.6069331962374034;-0.6079146663274999;0.5529368723039367;-0.7754674153580867;-0.38277363051701707;0.030433080000941803;-0.8118473323449389;0.6147718803203535;0.08467790487363525;0.7111321427265871;
nw=nw=nw=nw=
0.9021532325067314;-0.7863865784064701;-0.9995032189466904;-0.8972047246351953;-0.15903191829105512;0.9125773034750775;-0.538099983149313;0.014626496266559652;0.33465664112403526;-0.9415858084178634;0.328953710552341;-0.7111563771641447;0.5064033870178386;-0.35876564912716;0.16767177538470235;-0.7544119790834496;0.9704628535320212;-0.22769216648241497;-0.6270740805083623;0.31158103578825824;-0.5503392008161259;0.3505957766627772;0.378302846895588;0.5450358822588544;
nw=nw=nw=nw=
0.7902917976233348;-0.1672071815856564;0.29936208713940715;0.9763748302146691;0.21780045327962827;0.9280706326061292;0.8756447198944712;-0.24156001947595152;0.6674285728417315;-0.26755209370281596;-0.9980922592698389;-0.7613012250370719;-0.443149620684808;-0.19667852222767834;0.8878690092355075;-0.5023669276846148;-0.7660670490197687;0.6306080978293214;0.43307475420597696;-0.25328421176904237;-0.20471323603533698;0.6611315928656796;-0.8578548625635343;0.7831605779312782;
nw=nw=nw=nw=
0.9283817882833401;-0.439931364614482;0.8853642879999748;-0.9090828296966689;-0.8033521706392099;0.2504986404553582;-0.10404276825176728;-0.08934590303492773;0.4467940021868002;0.4480439104284306;0.4303035441571512;0.4341987077024816;0.8338014772954232;0.7019111014375308;0.2919709992804047;-0.028499147791336332;0.6822462227677628;-0.741039244681446;0.6546021545383043;-0.7480865554492511;0.43623029724892004;-0.5033905024168781;-0.14137096018992934;-0.7693418856631125;
nw=nw=nw=nw=
0.7772852181744649;-0.9612285448681197;-0.5604278046313613;-0.21177070945962773;-0.29537392079284563;0.7605090403377512;0.07915987571127303;0.3317118624642559;0.6068923957160253;0.13206849077811555;0.14407345783637138;0.026727247501787676;0.984342908402341;0.86059573857011;-0.2164773624554055;0.17225441950829912;0.22231490479341676;0.6441657713628393;0.7945867236778186;0.029403066705287806;0.025366169901062996;-0.869691048990427;-0.6514765976794554;-0.9065033994968779;
nw=nw=nw=nw=
0.7894436248083381;-0.008072566562320693;0.5868483153713271;0.26292736169204267;-0.07736486967437117;-0.4418173845580049;0.4448092765701881;0.4955266501912565;0.33054424642578906;-0.12387064521036906;-0.7948867708516083;-0.9586800727886882;0.8993526229437057;0.763146142157153;0.1712177087749147;-0.817541974113648;0.9895567201466628;-0.7307210971849707;0.9501289784125846;-0.9285132223069799;-0.8545962346305065;-0.2940433531833275;0.8409457145464394;0.7893506170429756;
nw=nw=nw=nw=
0.5046312213628124;0.4146171898196207;0.7846017295083596;-0.8087117370700112;0.7368048538721037;0.7407067207550997;0.5861835449542103;0.0185149004105436;0.42598404007532253;-0.6878153204336712;-0.798231726131825;-0.2519153362882869;0.7113988707940069;0.34830212775738123;0.7989619527549217;0.6973340223835214;-0.3457848961147787;0.22764595661965914;0.8888392919318384;0.5499610652407081;0.8234440459916932;0.18960155044114213;0.9794831177829451;0.9163056879732834;
nw=nw=nw=nw=
-0.2966848528731614;-0.23970108630078224;-0.20907271964410978;0.03256045647788319;-0.5347384489827038;-0.7953139058642669;0.7832393546023919;0.4220800654443033;0.7657269155120769;-0.041381350015502916;-0.13552252374145302;-0.655184000747828;0.6946895652344556;-0.6492807659504325;0.7273420009604876;0.35726468715972737;-0.3328791810995495;0.03505676548847636;-0.23113557950522323;0.0668914884744638;-0.11432345848924519;-0.7507289073584689;0.7390124095398054;0.6846998488935421;
nw=nw=nw=nw=
-0.2980533271640142;0.2848343520791763;0.8839725688566586;-0.1101413432679883;0.5196124948645124;-0.8842958588775796;0.41101858603939934;0.9639258941434659;0.37831815559625737;-0.009865859618925388;0.22318766358184083;0.5512525022153103;-0.23826866416675507;0.9825930299335859;0.7431157239571038;-0.12787273370742724;0.29530143882850024;-0.7206923143016739;0.07324164560785484;-0.018396966120987734;-0.5797139527325756;0.5911269803718247;-0.632850628699666;0.22525449385860963;
nw=nw=nw=nw=
0.8529140099926036;0.8118324698443582;0.03163349815465555;0.5062578790840788;-0.33481144056592327;-0.29253900662801846;0.8006144201946912;0.4888716579989043;0.2348957620853791;0.7805428202205527;-0.5903000034682826;-0.10358307459082639;-0.47216106814545356;0.6068461309480997;-0.977750490248223;0.8971995070185592;-0.5182322952853626;-0.3921750777360524;0.8188143010078859;-0.0888426637601023;-0.8666834057965505;0.5909946228315133;-0.7347622763854338;0.32326306153134254;
nw=nw=nw=nw=

lw-lw-lw-lw-
-0.4937634895704375;-0.8983383278793466;-0.04977495131280585;-0.7684388354565961;-0.9320412739182276;-0.15846301946108143;0.7321427863952563;0.2233677175563149;-0.7650958115372393;0.11645390523052934;-0.7144693605088654;0.8448554420893957;0.9340917806886855;-0.16805462491379708;-0.9074578312837236;
nw=nw=nw=nw=
0.7601936420578843;-0.7644430554739619;0.2753726139888446;-0.21635097592260144;0.8813243811974272;-0.299245974810195;-0.9875219754282287;-0.5499543323009075;-0.7525375199139106;0.41609510365157143;0.5641082143790548;0.631777055009114;-0.9714341116898797;0.13477644227263674;0.3950185046958903;
nw=nw=nw=nw=
0.5413005180210495;-0.7829360680474622;-0.24291972366830183;0.007902077255613316;0.9136033684137759;-0.9470687425823485;-0.2313138486789763;-0.314424988978963;0.5971700462133704;0.10202351604711057;-0.38098026798564777;0.8791849501488911;0.6587921167146547;0.020494489195291177;-0.08336274722763304;
nw=nw=nw=nw=
-0.5204692310259866;-0.9925898495907732;-0.376073564076302;-0.6250440068457173;0.5294028855208022;0.1918934599138491;-0.09471126980447342;-0.5449773634791348;-0.0733966784376352;-0.38926802402217686;0.39116979890235504;0.23230187623335619;-0.09875002349834405;-0.8426494601884895;-0.3987534722094188;
nw=nw=nw=nw=

lw-lw-lw-lw-

____
-0.9831249505711293;
nb=nb=nb=nb=
-0.6860096359598986;
nb=nb=nb=nb=
-0.16419434547787404;
nb=nb=nb=nb=
0.8983313417888803;
nb=nb=nb=nb=
-0.8113342452875425;
nb=nb=nb=nb=
0.7079095885017257;
nb=nb=nb=nb=
0.9036752909280066;
nb=nb=nb=nb=
-0.9927901562000012;
nb=nb=nb=nb=
-0.6420672511705006;
nb=nb=nb=nb=
-0.4127331741250633;
nb=nb=nb=nb=
0.6480767025449512;
nb=nb=nb=nb=
0.5479769182513659;
nb=nb=nb=nb=
-0.14833910536921513;
nb=nb=nb=nb=
-0.7386474630304902;
nb=nb=nb=nb=
-0.87408105436128;
nb=nb=nb=nb=

lb-lb-lb-lb-
0.5670859830012818;
nb=nb=nb=nb=
0.10021952661124556;
nb=nb=nb=nb=
-0.3979028008210477;
nb=nb=nb=nb=
-0.04450272425675017;
nb=nb=nb=nb=

lb-lb-lb-lb-
