-0.8826016337359974;0.15368842268682315;-0.5428327165092288;-0.11884481508425004;-0.7802386898444054;0.2434784901378011;-0.9075371655980884;-0.6886599124738997;0.32844643032366716;-0.2905351171165256;0.5795912081768928;0.9343366892148797;-0.8420702027781888;0.17617722072471498;0.7425379600216684;0.8917296418383029;-0.0008440552671991064;-0.3131344954589921;-0.8107620605918713;0.2184865500291575;-0.6001117907671534;0.4988979454533635;-0.3914512158117147;0.29151568109821135;
nw=nw=nw=nw=
0.8414541776677367;-0.7553232627574427;-0.5553235460075097;-0.05797053192121404;0.5185469458511793;0.44826634646246544;0.4749893103626843;0.3030327078332946;0.19712582603396145;-0.08729856761010768;-0.14130307180515178;-0.8611482212917763;0.599850848631301;0.2348144394229006;-0.7142290262562265;0.2421068370189512;-0.9697761889415137;-0.3653174322464434;0.5473334453549008;-0.0659222342507162;-0.1274998078147278;-0.5180334519149017;0.5542711753806258;-0.5426447759966135;
nw=nw=nw=nw=
-0.052429887795629515;-0.34602781268062577;-0.2909867337429448;0.9636770915814974;0.823064603838332;-0.836381619857441;0.5972631151366414;0.5605784630520814;0.6661466999169199;-0.166933077084364;-0.6143757108513537;-0.6073647239480382;0.01846434349222492;0.5447032971560517;0.5103027293848297;0.7052815934638133;-0.1329910265072367;-0.8821314242563638;-0.433128384924824;0.17278858412749254;0.9826722522612068;-0.6977571888668237;-0.5130134668255293;-0.9535238116457361;
nw=nw=nw=nw=
0.7922966058723508;0.9899917555764737;0.6216050026395941;-0.09687079216571948;-0.7428855724853995;-0.8378910114537457;0.8899917537906996;0.9303762386968379;-0.24388527593159193;0.6318524299495654;0.5268200791880566;-0.4659259362305368;0.7103355155616777;-0.5936118736378322;0.3789071201681389;0.7603487403056115;0.5694153873383163;-0.13034401978921872;0.3459426910291383;0.06161315471569573;0.4607862188852181;0.675553242507881;0.5928014521538063;-0.7366585264192964;
nw=nw=nw=nw=
-0.4401309725435891;-0.5956638722808576;0.8615196707128359;-0.0759826328230846;0.22482565008697186;-0.9034689792532;0.5628911722584888;-0.49432108859904056;0.19108984491634962;0.005906512551668186;-0.23527298596563284;0.026965895281794383;0.45858746819307417;-0.7979022830217675;-0.49701339512857357;0.15901641189537696;-0.8952991910106805;0.7718626503221251;0.46880384409248865;-0.4751902962845278;-0.7813672864052017;0.5418461745546992;0.05722699353285532;0.33553718724431625;
nw=nw=nw=nw=
-0.41680127947704904;0.8531928808441351;-0.515159623038089;-0.3138543914920342;0.001095673973735778;-0.8633628587502489;-0.42535873891434073;-0.5519449686545317;-0.5823973363048482;0.29168335575564064;0.8438480427287964;0.3469959771177069;0.3746779741944948;0.7425322024742698;-0.36228985600862096;-0.6198868890231621;-0.08514731561837507;0.897254836740073;-0.1689188103399777;-0.1312832486659159;-0.6767848210413141;0.5446363363729005;0.752583262106252;-0.3069324229604531;
nw=nw=nw=nw=
-0.05622035635170053;-0.24301623564861696;0.4309526512188775;-0.10451422800705612;-0.7384832993650272;0.5903190665894638;-0.840346201194828;-0.42974859788169995;0.8797434396322343;0.9050660386587224;-0.2813531113711092;-0.26840564185684146;0.5011598836622042;-0.4644304498638858;0.16296278610585202;-0.6921708286557915;-0.003404751312101162;-0.5602356237883126;-0.7774144649044885;-0.1860838658808004;-0.23106431684944995;0.7700681462089165;0.8482258506497244;0.8416978421298524;
nw=nw=nw=nw=
0.7998812462360589;0.7249592951558905;-0.6412215618151467;-0.14846127197795678;-0.7022135358238288;-0.08731551577799657;0.48971342664659945;0.6572161816475406;-0.22239652098570128;0.7880202269629788;0.487565977396593;-0.5144158894442408;-0.6915092805825538;0.5664156903320667;0.949115335187213;-0.22564872165174;0.8984869914087137;-0.8453049305462268;0.7525735366978867;-0.9393292091050662;0.5182440613966741;0.2836978142813893;0.48273615178542495;-0.13283607296594013;
nw=nw=nw=nw=
-0.6283830390531908;0.06558298830241704;-0.2236097914195636;0.14360748784909783;0.8423778253428313;-0.35192923661821474;0.688840248764808;0.0574810217535624;-0.14317411066466734;-0.8706343552662674;-0.04228495580421354;0.7280081896515671;0.9249836085603813;0.5069545493563414;0.011165447782485405;-0.692013498422414;0.6381910687676273;-0.7228608198937037;0.30054696333553066;0.9813544938393486;0.6209933735758402;0.17147777269624864;0.5438377866395976;-0.9781536328874267;
nw=nw=nw=nw=
0.876265459866747;0.3721608118150026;-0.17423314929497713;0.11210901608933499;0.01748166614285207;-0.5470650165272986;-0.800054892596697;0.08067167875536385;0.25046117225166653;0.222387094696888;-0.6249143983300856;0.4774463825663189;0.44273116113790656;-0.4930822297078328;0.4648190637123739;0.09186410748401852;-0.20532716447487198;0.4271772854670881;0.9701243990299611;-0.34435605537853653;-0.9382883441404912;0.3777727476188506;-0.8605426679026358;-0.3025819477958469;
nw=nw=nw=nw=
0.4401857718173108;-0.9582638394068752;-0.4994584831253366;0.8932141170785484;0.8942124026009082;-0.774852905013784;0.8769302800381866;-0.8876836331814815;0.4378797684708;-0.8690070866497444;0.8800367712062955;-0.7514891314558341;-0.23162845066448678;-0.290718891356081;-0.3798707596279094;-0.015955573691579072;0.8383855949416432;0.4614033496420893;0.8232543809384492;0.8956069303668108;0.4756311759472416;-0.025832954465705882;0.3670408535583025;0.06359216903111387;
nw=nw=nw=nw=
-0.6541849657576262;-0.0857110742396674;-0.1407850578161307;0.8682891108367985;-0.35549838259034217;0.8891003651882188;0.12622697489848655;-0.2061407470934591;0.7971932637497408;0.9547159342440075;-0.2952953568248191;0.08640488582534589;-0.36762314952262853;-0.5059305357401276;-0.20151162078405127;0.35170978548307175;-0.68352143262869;0.223842051528923;0.9409908311761002;-0.06849143866480989;0.44031622175341045;0.2347474505859306;-0.10830747079657033;0.5291777188921747;
nw=nw=nw=nw=
-0.8701537700116788;0.552576594584038;-0.6653858484462021;0.4250540354600536;-0.6382239457293617;0.6914383802461497;0.08323897329118757;-0.8044684643235278;-0.4276772535671658;0.11513142384909503;0.33480210693339574;-0.4548544909746335;0.17217449243113037;0.12764059293258345;0.1548595426658712;0.9596237840874688;0.11675351214353635;0.6289803675777104;0.5634785580662225;-0.046947888334949894;0.008568392992168938;-0.42576596391875454;-0.6734711115837331;-0.7113474806677902;
nw=nw=nw=nw=
-0.15063970646996916;-0.24532685228436613;-0.7185531895657025;-0.94379165887408;0.1534238359689959;0.6341076606004508;-0.7479757238165965;0.979638276727969;-0.909640163202623;0.4604296554358631;0.45444003652416676;-0.7010713424934025;0.9834227565231628;0.39577385814984867;-0.027381130962925937;-0.4367990538020179;0.8615557336286863;-0.5134288829070492;-0.4457824684413074;0.3255846487361562;-0.36180986774762824;-0.1352362257435531;-0.008198283582582455;-0.6108524338487118;
nw=nw=nw=nw=
-0.0765247180911015;0.6320283201251775;0.938343111826281;-0.19988119085739098;0.15054700909272234;0.40692901789402947;-0.03231357402474;-0.7360695476822863;-0.2233550948933487;-0.8999339949785579;0.0415059322373712;0.8161206078482734;0.9980223496181158;-0.5482375812343805;-0.7455935429713691;0.8322942583204065;0.2726190620437121;-0.23660032932066088;-0.031303234506165234;-0.5936198844981719;0.18061938259202615;-0.1311753386643899;0.9126102272433765;0.6874081309674716;
nw=nw=nw=nw=

lw-lw-lw-lw-
-0.8711619744209553;0.1538551612172292;0.4057402113480575;0.630393667590367;-0.5720341983589599;-0.5834136513308343;-0.4486257064628616;0.9155870176314358;-0.15850187629822798;-0.8194568867240088;-0.23859546611761862;-0.2878912447721209;-0.011414042249721978;-0.18072901809712083;-0.3005665132530253;
nw=nw=nw=nw=
-0.3852742421839028;-0.48767494298245473;0.5363515457803949;0.33219467215955256;-0.9123871341848215;0.6072174195356732;-0.8053357911099286;0.893224721265008;0.9776008250436004;-0.6780011937413681;0.5105351179758424;0.10913798502645866;0.6555101941881214;0.5924425619814855;0.184744234479167;
nw=nw=nw=nw=
-0.26958592306429985;-0.036966020694058965;0.24380503626649963;-0.30618364318496094;0.8663663662577428;0.7273898182294409;0.05939283934935369;-0.9987472919034124;0.8220162273889589;-0.7762544982974711;-0.14340125105484014;-0.7105895638470077;0.03059495673470569;-0.8982371518062324;0.3681367985766224;
nw=nw=nw=nw=
-0.6171892108143289;-0.08043403669684035;0.6766889577840496;0.41537567290779864;0.6572440325470625;-0.37748774026089515;0.17152712126884628;-0.09339475416295762;-0.9985123941118441;-0.9707588025717191;0.06293606851754707;0.7718089768846175;0.11423272176924604;-0.9779240783117025;0.5648787650873472;
nw=nw=nw=nw=

lw-lw-lw-lw-

____
0.31273762867711197;
nb=nb=nb=nb=
-0.634950467281651;
nb=nb=nb=nb=
-0.3982388201257987;
nb=nb=nb=nb=
-0.7445244497011891;
nb=nb=nb=nb=
-0.07710584345459348;
nb=nb=nb=nb=
-0.34052000704194363;
nb=nb=nb=nb=
-0.7768034757250684;
nb=nb=nb=nb=
-0.91589102149582;
nb=nb=nb=nb=
0.9924644148389068;
nb=nb=nb=nb=
0.16053222940976664;
nb=nb=nb=nb=
0.40079873247726994;
nb=nb=nb=nb=
0.3337051841017058;
nb=nb=nb=nb=
-0.6466812874060863;
nb=nb=nb=nb=
0.4440600088469968;
nb=nb=nb=nb=
0.6166794148413601;
nb=nb=nb=nb=

lb-lb-lb-lb-
-0.7327255637521994;
nb=nb=nb=nb=
-0.8802408936776687;
nb=nb=nb=nb=
0.31118585528657317;
nb=nb=nb=nb=
0.027078066840434456;
nb=nb=nb=nb=

lb-lb-lb-lb-
