0.6103071620202918;0.3639863386703994;-0.46147051957990026;-0.2431707234893563;-0.8529926936749517;-0.013615517389955256;0.81607562006569;0.6379829712787728;-0.9499883502377375;-0.5577560912111292;0.6380739537069746;-0.536785799609407;-0.5806874226293572;0.38097397049550974;0.04291430014968323;-0.3307241462322159;0.42634653179532167;-0.15564019107099436;-0.9042186241876664;0.05894799199411804;0.39883687166770687;-0.04554816111286253;-0.30168669256643255;-0.016537608319937336;
nw=nw=nw=nw=
-0.3564703587894593;-0.6356374665969997;0.6518441752271513;-0.7946955804519336;0.382714372522039;-0.7907174345909822;-0.03831710684487266;-0.5740725022632327;0.9408383322137419;-0.4259383921670945;0.4065135517692269;0.4247984070754367;-0.6383212401903953;-0.91035991979682;-0.7051859718920774;0.8297415578196747;-0.6937299182059851;0.6381830775498125;-0.8391527145873867;-0.997582203461586;0.2718328268919501;0.5969656205876055;0.062411044592006304;0.6463129760066035;
nw=nw=nw=nw=
0.5062652874504208;0.7039959937432032;0.3733854520269948;-0.367430158808711;-0.277204099977173;0.43627408498813747;0.22171252539963615;0.18150424392668474;0.1208913297625156;-0.9020059995723417;0.7525208804900771;0.06730587936929133;0.48285132951249277;-0.32291184771787806;-0.4940403504123141;-0.8564361223881101;0.9155429000040451;-0.6176443499938211;0.44535365873425437;-0.7894424545078116;0.6723325406820537;-0.6200074246253402;0.8727919691955635;0.2138959092154027;
nw=nw=nw=nw=
-0.4396941102962997;0.03036502369022953;-0.30000569890607864;-0.7666096644689109;-0.3562201907422191;0.9074076151012251;0.23671078812381707;-0.5944203770344036;0.6436944966783302;0.10153929592943656;0.6596436640410615;0.12291194136348227;0.25000962710549035;-0.19906311827902168;-0.17285765176314793;-0.20497660869046141;-0.9375778580365077;0.7934349169703503;-0.862925303273316;-0.7815056288449918;-0.20041185731156674;-0.6455821416972709;0.5410122249379394;-0.627852616226193;
nw=nw=nw=nw=
0.7133069017790883;-0.17911574075537917;0.599880570338027;-0.4983224104761923;-0.6624992742829909;0.7100780243173055;-0.4524031261844961;-0.43792960382209034;-0.7404328023759079;-0.5784906111705954;-0.8650696204510073;-0.4023255802004957;0.5853873461225494;0.6746799142276281;-0.6641806474494716;0.2259833965050977;-0.9100721599244481;0.7868814088388669;0.3292617541411613;0.3132822351048363;-0.23269431955022957;-0.934496326621088;-0.049893273731487886;-0.7033652219375217;
nw=nw=nw=nw=
0.911433804241591;-0.9281389527812227;0.15999503605567855;0.8646440735821079;0.24983587641520377;0.7902844405173075;-0.1850950194514822;-0.30903585070634576;-0.9065617406369464;-0.9261035546007415;-0.6311808450519494;0.041135258415018194;-0.0882097946279885;-0.8158584429530396;0.3052094565535932;0.40993175187754227;0.5176971719171017;-0.9901613550303765;-0.5898094558656011;0.042502669711762975;0.7989360333867173;0.29678402697237494;0.15100435474836882;0.33939447875602613;
nw=nw=nw=nw=
0.5163875425584237;-0.8867739339574807;-0.2003694365232327;-0.7017156402492515;-0.6349618298465285;0.3810864360068833;0.5267429218959558;0.9787251335211289;0.4776355245669557;-0.7898436668858888;-0.04232523673997246;0.5413594230482006;-0.8217416827902162;0.04079235510058221;0.8650652406612773;-0.4410240616859513;0.625989873674385;0.90555607114711;-0.6568731418661917;-0.05301170488072682;0.21221142784544833;0.2780000378093437;-0.33285618621898494;-0.9461773245988034;
nw=nw=nw=nw=
-0.7419065082622185;-0.18025739274360952;0.42594266068935926;-0.9452998934292367;-0.763639446773795;0.8693017565580505;-0.2955921774442418;-0.4703873480621099;-0.33705072658576074;-0.4012779701544442;0.38841263485480826;-0.7207446373612623;0.5229163262171046;-0.14377105811731572;0.27326791793310723;-0.13856223096018216;0.9286282675922997;0.07613828273166434;0.3457308696566439;-0.7932248013849712;0.14058776293938924;-0.2859314164546314;0.4461791268686761;0.03199339258906808;
nw=nw=nw=nw=
-0.6167984801954534;-0.8532579251338657;-0.27838044319266775;0.373321715188045;-0.5981078260756889;0.2921331477693432;0.36378800913754095;0.7488614925528134;0.08208376169947051;0.4776428425875674;0.9446087159158201;0.3095236792881082;0.9102365041248484;-0.42531415285073315;-0.8461642915392278;0.00847524360733054;-0.796923346157165;0.493340708020265;-0.6350012738271578;-0.44698218151788094;0.9958700261126912;-0.842246571989107;0.3311184442149715;0.1306485853404742;
nw=nw=nw=nw=
-0.8966482749165201;-0.6346931271126843;0.4120959090516154;0.3016005290414514;0.3998743063435073;-0.11674851410894327;0.6284820087479748;0.9201867137101061;0.8274873125195119;0.7343467916951552;0.2373096404229107;-0.1686128608475339;-0.17691916158381682;-0.8300685566352066;0.9280065749454338;-0.2655844550437041;-0.5355676930936792;-0.9875242060790828;0.3598622856811964;0.9251808014033842;-0.6112005644449072;-0.9111731914207957;-0.6716127792182867;-0.12408966252498255;
nw=nw=nw=nw=
-0.5635960126576005;0.7844276609564098;-0.33656210355996774;0.40528352509735943;-0.47919571737269506;0.9023866943629224;0.8104516739901526;0.15674018680938495;0.5441550920378677;0.1533763375949475;0.9980313984244586;0.05017713925547862;0.5012885965587546;-0.4198086792205378;0.34512635167192296;0.887491970341374;0.7930055918301591;0.2059304760281444;-0.5501771633308081;-0.9571751972514893;-0.5853101496614175;-0.19023221574420401;0.8495857129477327;0.1039377431322317;
nw=nw=nw=nw=
-0.8713336644961645;0.2773595326647924;-0.46761630738069915;-0.1253042741758139;-0.40444095536642366;0.9118605081883233;0.9721871989413804;0.9188212549669121;0.422120838004465;-0.5915521446199032;-0.6637416362276092;0.4660594127126416;0.4034168450807427;0.6516329705187718;-0.3763701482623436;0.12890330444414344;-0.9921632569342282;0.4921342752584692;-0.7636373987175844;0.372777032104153;-0.9197671727214793;0.12175104014936378;0.4263480518972045;-0.7024618511683096;
nw=nw=nw=nw=
-0.2716565334471073;-0.9857844240334366;-0.20907271964410978;0.03256045647788319;-0.5347384489827038;-0.7953139058642669;0.7832393546023919;0.4220800654443033;0.7657269155120769;-0.041381350015502916;-0.13552252374145302;0.27957976722184186;-0.640400958235325;0.4439658263921771;-0.7334341878190669;0.08785194721858924;-0.2812516367729909;-0.6631749433627301;-0.20418839887838258;-0.9525803274385491;0.5875592545155575;0.9781725436726121;-0.5806953274359883;-0.249941730801726;
nw=nw=nw=nw=
0.04657061108426741;-0.2863622506444634;-0.8573634425723098;-0.1101413432679883;0.5196124948645124;-0.8842958588775796;-0.6115940673992639;0.7911034671834734;-0.7897715489859318;-0.4420563174390195;0.9391692902920097;-0.43557406789252506;0.7856456681019774;-0.49999543078838404;0.07726755304266719;-0.6749197318672815;0.1989201193327994;-0.7785472226281851;0.47476897899554094;0.5876676499869609;-0.0863562811582661;-0.49858638785207066;-0.976500477947464;-0.42660498722678897;
nw=nw=nw=nw=
-0.7122847065668951;0.8144695853245201;0.2977501783852239;0.06467217592535635;0.5676097933106654;0.4447507525780794;0.18542204574756926;0.1569557976834255;-0.4573208631243939;-0.8833450659579336;-0.5235742385246298;-0.7564915618945358;-0.20429233547758718;-0.9802167399343769;-0.46297399169278597;-0.39652698363093775;-0.19346467077110185;-0.293739657146483;0.18980963172473864;0.7061033440342523;0.0052713388816696405;0.7249185613768334;0.6889477463631382;0.3494294856218212;
nw=nw=nw=nw=

lw-lw-lw-lw-
0.4849160585887453;0.7965251994439491;0.10507690363005384;0.4816142267733978;0.5599226934195067;-0.17932638384657795;-0.9985739096040533;-0.6240609274081077;-0.6308161955035272;-0.7711771374751151;-0.08757742280577063;-0.18853110816425378;0.41365224998957384;0.7294153041981299;-0.3568553031713402;
nw=nw=nw=nw=
0.6709310577053875;-0.6646005410244167;0.8476540434435367;-0.97716389517796;0.884907671442484;0.9756850557004084;-0.6043388141566528;-0.29433679091889897;-0.8115608580213187;-0.08883254838469257;-0.38978487507910975;0.31142670053862553;0.7777431707726223;-0.2846688007427034;-0.1920450554551174;
nw=nw=nw=nw=
-0.8864532207616886;-0.3188283638002942;0.8969826921937447;0.15119522955116804;0.4993318110390541;-0.22930770959163982;0.8953508649004056;0.5513063318890983;0.7223554941956907;-0.12221312433811571;0.09620463621669062;-0.43432977578336485;0.6035645063241013;0.020494489195291177;0.1492633629049862;
nw=nw=nw=nw=
0.6798304232429935;-0.894524464436216;0.92576418269337;-0.26234673948637677;-0.7632300778686636;-0.45979744500256725;-0.9847068314344127;-0.8676677856856716;0.6289997836889303;-0.9234700209045477;-0.9764433168669377;0.9733136662175474;0.9305787644645678;-0.27753604438399004;0.12149050187197785;
nw=nw=nw=nw=

lw-lw-lw-lw-

____
-0.43227596130821766;
nb=nb=nb=nb=
-0.11897569405582575;
nb=nb=nb=nb=
0.7298528535328144;
nb=nb=nb=nb=
-0.36852865814676483;
nb=nb=nb=nb=
-0.5001538381318178;
nb=nb=nb=nb=
-0.02321956012362092;
nb=nb=nb=nb=
-0.23576071837943147;
nb=nb=nb=nb=
0.7065696001793031;
nb=nb=nb=nb=
0.1662711843626794;
nb=nb=nb=nb=
-0.20499434714776776;
nb=nb=nb=nb=
-0.9508904415824386;
nb=nb=nb=nb=
0.551919944253835;
nb=nb=nb=nb=
0.5387018287359555;
nb=nb=nb=nb=
-0.8644315672532117;
nb=nb=nb=nb=
0.96408120491087;
nb=nb=nb=nb=

lb-lb-lb-lb-
-0.24139300232702143;
nb=nb=nb=nb=
0.9142732186943232;
nb=nb=nb=nb=
-0.3890433366647501;
nb=nb=nb=nb=
0.00896653194640784;
nb=nb=nb=nb=

lb-lb-lb-lb-
