0.6103071620202918;0.3639863386703994;-0.46147051957990026;0.36611260822501923;-0.10740652695934871;-0.9436004151787509;0.954938547316972;0.2627081846871777;-0.43931995493344855;-0.2339790175081451;-0.7322713257095774;-0.04499031080152616;0.2784486228470011;-0.6859662913814686;-0.9272250055965232;-0.5149582224464491;-0.6618430181866792;-0.8939118565302859;-0.9406169227483925;-0.3923872738987526;-0.10170222044494936;-0.5003291099183245;-0.6928365068382296;-0.271832112110149;
nw=nw=nw=nw=
0.8983130341789598;0.23307995453640618;0.7622278745870987;0.870963507482891;-0.6069965463683415;-0.9318154459137955;0.5358243443484594;0.15647972016956446;0.8668779229169137;-0.3171177956170834;0.06109645274393616;0.43137265013592696;0.7140287805488608;-0.850849541268097;-0.22782950443293615;-0.5513223090792492;0.6368758409748314;0.24203915979680946;-0.3443451324237623;-0.6622039328009834;0.6360051344838182;0.43223938309878585;-0.9482684556657242;0.1825049966582195;
nw=nw=nw=nw=
-0.9725297173569021;-0.813393977857918;0.8173380480751498;0.6938318664899092;0.6413988471265948;0.44849760942884;-0.29618849300747585;-0.9271948273881727;0.4786294535610909;-0.10475678609948869;0.4210806780777214;-0.5212160752872295;-0.7910063836760306;-0.24787584182297095;-0.13741736839378138;0.658193375061557;0.7615606802252572;-0.42286764938389654;0.23682595024622177;0.019150037509851003;-0.052608587026274245;-0.5637288591869827;-0.28075478525180486;0.015551034889451865;
nw=nw=nw=nw=
0.7061734984935661;0.25928399990479867;0.5362507440051314;-0.03630106767443442;0.6312165164289298;-0.6447236032180015;0.20542888421669847;0.3518814567115336;0.4430568986729544;0.8010965788353861;-0.9074886175660253;0.27934934179375515;-0.42085240576305405;0.46493978670724156;-0.2570376398889791;-0.8226869432371355;-0.2786250805808699;-0.6164549071914187;0.04229450283070446;0.3457036829138169;0.8746628108621646;-0.8780677454941936;-0.3753650145960272;-0.7970127506802249;
nw=nw=nw=nw=
0.3771952604771678;-0.09862320374473765;0.0002473702765886099;0.26075926819267004;0.2813781601050167;-0.411659766604936;0.5909963177835125;0.8831822464277559;-0.8092759584625409;0.6100582971792317;-0.3195413768445885;0.3553340162216905;0.2802793903876155;-0.28907313019421976;-0.7216890125392454;-0.53599632916957;0.931063038033269;0.8507629922449431;0.5638280334440471;0.6077507136369111;0.8871910225293234;0.7092612888440393;-0.8116717010459078;-0.04818029829790382;
nw=nw=nw=nw=
-0.2466992124431493;0.9351316799843024;-0.4844079546419189;0.48499754143845375;-0.15455842660304353;-0.20179826043084637;-0.6804903398030102;-0.897668198181597;0.26334510250894505;-0.28378886435546447;0.5715529438412827;0.1789685680644153;0.14923137332151448;0.0698727690951888;-0.6069331962374034;-0.6079146663274999;0.5529368723039367;-0.7754674153580867;-0.6110899328521526;0.9287436578098303;0.11864166761710337;-0.7218164000997591;0.13728355467666709;-0.7960709846710419;
nw=nw=nw=nw=
0.6981920077040138;0.977938575002105;-0.7840209707871595;-0.5100767037167688;-0.5344296936159756;-0.32588653002708945;-0.5954008218208013;-0.9601590780336595;-0.45852876100013074;0.9658736149520508;-0.6612204536328936;-0.27762440534460553;-0.8873180971048777;0.9559309720041012;0.31669804539008295;0.9465441534047261;-0.6918972593521744;-0.6083232578107518;0.9226656597377096;-0.7414265846442782;0.38758073772023205;0.06865207248134242;0.5750731765265766;-0.7072968203600545;
nw=nw=nw=nw=
0.0729739146405346;-0.5835390206088864;0.6118278702771813;-0.4933813576454762;-0.2307654130070691;0.21005323834667644;-0.29367163260874696;-0.8904167629259352;-0.9609018525494375;-0.46104940057896626;-0.4354845186193379;-0.9502191140008265;0.7338418649289065;-0.7986854621223034;-0.7545309795334532;0.6765036145711907;-0.8838204664510902;0.7722328346266241;0.0473612185581056;-0.7568312128026105;-0.8590755320340864;0.16778348765840634;0.9385456853365863;-0.7512112776188993;
nw=nw=nw=nw=
0.21350756739294874;-0.010417174597100676;0.30416967204720446;0.43221415861950985;-0.9210426241430922;-0.8521521457442509;-0.1763951231448324;-0.7385946635782077;0.34670241228786347;-0.5622084778800922;-0.2527088651667324;0.04389686688534411;-0.4177540513504323;0.6023596528007917;0.03509227061400866;-0.6366252343621852;0.8339543576144994;0.7020682908928981;-0.7980022852744568;0.6774577718659731;-0.2824844741819619;0.6350732695130574;-0.48111264078331284;0.8076554411297701;
nw=nw=nw=nw=
-0.19540687142971302;0.8145483322197862;0.1558548367332666;0.7593352410266552;-0.9636747514114432;-0.9245744471109527;0.5512734603531892;0.4642822012937111;-0.4602472602581038;-0.7158960276759434;-0.10874457984113328;-0.4922513519479432;-0.9520981586919233;0.2506582387846761;-0.11346022481866869;-0.7284078776005689;0.9405708118403566;0.5946742176992519;0.7223613276679179;0.7065168716558168;-0.8660036580696362;0.1273138387820627;0.4496469401884027;0.7492820763626602;
nw=nw=nw=nw=
-0.5572679927870776;0.5092313808183968;-0.0027121741929621024;0.21355357289684473;0.15697401432941915;-0.9845658947302489;-0.10309558009710984;0.20986715265251332;-0.20819834542093152;0.27701224311373407;-0.6744710370631535;0.20909926295233627;0.5493467557039611;0.18373157232329906;0.751313181824453;0.0821391911728726;0.13051907844103128;-0.8245726828596609;0.5089997118289378;0.9749467891081334;0.6277319491920634;-0.8662446382770745;0.8604381150037241;0.8026993728920391;
nw=nw=nw=nw=
-0.20632709019710394;0.6745912673816759;-0.4529974491165645;0.7219700170991739;-0.24630946179158197;0.03792284181462646;-0.6092509225795193;0.6994212437978735;0.5150416955070443;-0.1959945560846379;-0.0744707998963603;0.3897791196947964;0.33198363058719016;0.2550446180754089;0.7906383091026279;-0.7002593358278493;-0.09137829940867204;0.552981817373051;0.7016825092692027;-0.06454797221868658;0.1374197459388926;0.700724724560337;-0.05174594030078872;0.9163056879732834;
nw=nw=nw=nw=
0.19736308326632646;-0.326256102425061;-0.23188878843246896;0.6797075805712034;-0.19771416169494005;-0.2665040144178872;0.5157478296511999;-0.2814969117529791;0.06864272576578845;0.40859120757667755;0.6570128453423139;0.4489162573779102;-0.33873095389769015;-0.01946839888741625;-0.21409942304652585;0.575088568137313;0.9721440143674576;-0.37038760753433553;0.32452694968835427;-0.5061939537721121;0.7139230051794803;-0.018491229817239274;0.259721909818067;-0.7333558055671006;
nw=nw=nw=nw=
-0.6787740746240427;-0.5370227825775933;-0.7892488637795667;-0.22404928652014244;-0.8901462309721015;-0.5921870639684867;0.4522804411065364;-0.35601096763057316;-0.9509587108466386;0.9093913444569399;-0.6799753255493011;0.9823539033374231;0.7856456681019774;-0.49999543078838404;0.07726755304266719;-0.6749197318672815;0.7109549569535158;-0.04834385791665019;-0.865680927017269;-0.22900336214374795;0.5261036178863798;0.10092943891569717;0.22676793303098575;-0.4769311465290176;
nw=nw=nw=nw=
0.1331794461823983;-0.6536878409801161;0.9662339918998548;0.09939152456286626;-0.8622745308363633;0.9633488875032032;0.03389044406531383;0.3948917986537037;0.14151429477094024;0.5617392194037134;-0.5483702745524375;0.7319062491024311;0.848445108508187;0.17106303220428498;-0.6592741205986743;-0.3612574631283696;0.09753566686891468;0.7498942956306689;-0.6603684916247785;-0.2189480438051672;-0.3997479259911021;0.7249185613768334;0.6889477463631382;0.3494294856218212;
nw=nw=nw=nw=

lw-lw-lw-lw-
0.26961107739176193;-0.9415882722993205;-0.5960208548020403;0.41232703348824673;0.9007053993283507;0.07654335854763716;-0.1334335067761674;-0.7264216098563292;-0.8000929367960192;-0.8434955557224513;0.9290433658488422;-0.4730901897409727;-0.3855452937683006;0.6064232975130912;0.9557025835058204;
nw=nw=nw=nw=
0.6490018537658921;-0.4098507745525122;0.6209575335849515;-0.7952161991484052;0.5421204280770255;-0.2623583604353732;0.5470696012606886;-0.8422743072718881;0.8995329329152253;-0.9500374778895215;0.8075624267008423;0.5439138460326667;0.3244330415430663;-0.31338928231080243;0.9972973188140726;
nw=nw=nw=nw=
-0.8266651057490533;-0.5279106482381677;0.044251320779004066;0.9464288102517129;-0.929326008203418;-0.22930770959163982;0.8953508649004056;0.5513063318890983;0.7223554941956907;-0.12221312433811571;0.09620463621669062;-0.43432977578336485;0.6035645063241013;-0.10906959349003453;0.14277892703652606;
nw=nw=nw=nw=
-0.5204692310259866;-0.9925898495907732;-0.376073564076302;-0.6250440068457173;-0.030445446627666017;-0.8206442141769779;-0.9711032396697032;-0.4723455110848911;0.9104782903666899;-0.4306909889017041;-0.5173633549535661;0.23230187623335619;-0.8103883709141106;0.08995633627695976;0.12149050187197785;
nw=nw=nw=nw=

lw-lw-lw-lw-

____
0.5596369813587547;
nb=nb=nb=nb=
-0.3485047750786432;
nb=nb=nb=nb=
-0.8651886562992162;
nb=nb=nb=nb=
-0.028871867459070888;
nb=nb=nb=nb=
-0.8408803335951553;
nb=nb=nb=nb=
0.9640437082408917;
nb=nb=nb=nb=
0.7510674571969636;
nb=nb=nb=nb=
0.6670391894249006;
nb=nb=nb=nb=
-0.052585008940619904;
nb=nb=nb=nb=
-0.779012898892032;
nb=nb=nb=nb=
0.19104727815524725;
nb=nb=nb=nb=
0.593680128584104;
nb=nb=nb=nb=
-0.5182254252907135;
nb=nb=nb=nb=
-0.7362981552857124;
nb=nb=nb=nb=
-0.6318182415038489;
nb=nb=nb=nb=

lb-lb-lb-lb-
0.4283958047895211;
nb=nb=nb=nb=
-0.27281297716887254;
nb=nb=nb=nb=
0.7142035076367368;
nb=nb=nb=nb=
-0.6153676897699991;
nb=nb=nb=nb=

lb-lb-lb-lb-
