0.277905537104155;0.5926175420563426;-0.2315223841370635;0.631902315772557;-0.15036390001086963;-0.15853968234114135;0.5395378383973033;0.3933247529235493;-0.6352883262561906;-0.8602224074830593;-0.5702929993242782;0.7593520491864243;0.8769231802083859;-0.2743667243788612;-0.08335480807841189;0.5186407786940241;0.6013363306541095;-0.9517051582720009;-0.2748205696876882;0.5056598823144527;-0.9463162274467054;0.9786638280860971;-0.5238385211234795;-0.6003149703720065;
nw=nw=nw=nw=
-0.8419397038585759;0.29641625740160626;0.20952931457923896;-0.42315615346917057;0.7132279753958155;0.6411811585779581;-0.2928242823241811;0.3706270461890777;-0.6367079507042541;-0.022258129495646317;-0.7486903946781063;-0.9841351661489903;0.33521969206290336;0.8753131583169607;-0.9791066894697908;0.988021097205027;-0.1403536599630819;0.7729290852796287;0.6627510554615168;-0.9367250466286969;0.8451625599375754;-0.8101160945143779;-0.16484974581023892;0.6234790989816636;
nw=nw=nw=nw=
-0.5172352140042105;0.7115815510055408;-0.7538804915097927;-0.8691280635451681;0.8749943679909287;-0.8258612655212603;-0.1291216493434333;0.7485872329917571;-0.5509673392874608;0.42713762634058927;-0.28100352369471904;0.3211574271040236;0.022615880802918653;-0.0976526492415235;0.4092842085915265;0.4710570028771477;0.3173986418036765;-0.8984072024243857;-0.40019879575553663;0.19578821931992718;0.01655451338215408;-0.9606672100464093;-0.5904960773161796;0.21437958890661712;
nw=nw=nw=nw=
-0.21282236870684512;-0.22736193749746358;-0.279233466357665;0.55527286001343;-0.09310844516883154;0.17023315795569838;-0.5304898120898973;0.9799743121778914;0.36143118238570304;-0.2186770868188368;-0.039003355981034105;-0.8329257322658647;-0.22220063148101832;-0.39330731151930376;-0.46052385395642603;0.6519305296790296;0.41328408797880845;-0.8843341649240095;0.6250844843153318;0.38999336112148764;-0.4446100446163923;-0.9839332285895004;-0.46655036273854256;-0.22048179765423592;
nw=nw=nw=nw=
0.03097496928450849;0.9475581145374783;-0.527381722981447;0.6126712229107705;0.5683923644257836;0.48742690801993205;0.0994929513760896;0.7587195165843752;0.24318731104954594;0.627313176140184;-0.7212416436321718;-0.523507019535062;-0.42964072928235053;0.9437944456531921;0.47059739861796435;-0.4843704367039705;0.4588548857463055;0.4234711210108777;-0.9123385408423703;-0.9029637188652411;-0.8458932064377229;-0.6887014428628606;-0.24623478641967433;-0.9252592544111118;
nw=nw=nw=nw=
0.3256905441405207;-0.2936101837933496;-0.5144645422078475;0.37238170829692474;-0.31666304247258736;-0.035816727461249975;0.37876905759519963;0.05516660816052554;0.5498966438373807;0.8224372534220912;-0.053627028603815186;-0.045779116495601846;0.15873249669179068;0.6763529442150484;-0.6316852232162433;-0.6266753082098901;0.7645693367576294;0.4812665319298932;0.8004801543779674;0.8870885090512644;0.5102812980615423;0.6053414859293764;-0.015220253332136613;-0.9799490128033457;
nw=nw=nw=nw=
0.3866616461638803;-0.19949766818342907;-0.6980724005340468;-0.3934288415259022;-0.23264294899713733;-0.17176081192139137;-0.7624507874093587;0.5503380862594027;-0.3861722547675883;-0.1485899940265718;-0.11268301975066075;0.25269965293831476;-0.87344103623202;-0.869470292358208;0.19401723226525402;-0.6191159144142793;0.8662215021915363;-0.9707002316002533;-0.7059707987954433;-0.6856083368551331;-0.6300887479052064;-0.3267441380697953;-0.5187653738853548;0.9748765221357645;
nw=nw=nw=nw=
0.9571165594076707;-0.6994931454489277;0.5031346981506215;-0.781207679480658;0.13555125791149125;0.7400714246617468;0.9046379717955193;0.8106319294669029;-0.7747263501618393;0.8599784273609368;0.14727901246126818;-0.5653282194658229;0.10438077179205196;0.35930219574272937;0.3882569534695488;0.8814345539128152;0.7214924684320883;0.4238505518269371;-0.8863056123585848;0.754695871679645;-0.1471445905569222;0.46875428625824234;-0.924965723002888;0.8094649268222218;
nw=nw=nw=nw=
0.9474539847087804;0.2780289176848365;0.5811833510118227;-0.1045671214741033;-0.8569692804174052;-0.9728559994726893;0.9589504914746787;0.570481760721262;0.44966338098110636;0.9292762976013715;-0.008612079692484897;-0.8492518208832933;0.31175248902277186;-0.4162468069310934;0.21844187003435112;0.6096162300288459;-0.10519464899881226;-0.1313926913386847;-0.5847144918801106;0.3697737951230502;0.32543739603569777;-0.2959774600838663;-0.14965037334338072;0.35017303076313566;
nw=nw=nw=nw=
-0.38834114553981447;-0.5276169628746314;0.5890335752048683;0.6748771507675584;-0.7208426329174513;-0.0959265863880081;-0.7112572427639541;-0.39383148965144477;-0.11464335762316824;0.5955898218688278;0.07273198453043861;-0.202700479934526;0.6277383274213051;0.13097622875842396;0.10219630513424027;-0.6108821633941477;-0.006830201898208488;0.9400157703963887;0.7227209836339683;-0.26471044246958764;0.8212249477433595;-0.8275747602912495;0.5324907148506797;-0.7015369886936778;
nw=nw=nw=nw=
-0.16846103165779058;0.11507750097983616;-0.4196662943099876;-0.4609907311368875;-0.9753793721197672;-0.500516239178038;-0.04573903611843022;0.5571320877994974;0.23681645649035565;0.20578730765352726;-0.08863727220989515;-0.8549736823946457;-0.9487765635569627;0.49632615330508156;0.9040412631193968;0.04497338688884378;0.4906693507963886;0.4637601602016257;-0.06249709454958352;-0.2187282885121029;-0.9414618835321564;0.6163033271105784;-0.0695427035906242;0.9818261299609659;
nw=nw=nw=nw=
0.5002552617447438;0.6292750806055913;0.13714750099117112;0.34518984006746667;-0.16509676771247594;0.1558931782536741;-0.4464847308732698;-0.12765272135221983;-0.2502252141727841;-0.7048579795686043;0.5974670318740103;0.07779662373419804;-0.6305881941281346;0.6124501104273858;-0.8172704116891218;-0.762861927938234;-0.9998660483290867;-0.38291053392869845;-0.5437308514558805;-0.23892990502154077;-0.7594232873146036;0.7806737508799599;-0.17937975718082777;-0.4146851666273226;
nw=nw=nw=nw=
-0.9390799958022737;-0.8421927821880604;-0.48341602677987594;-0.5246856039857315;0.18819083020252725;-0.010651939167797053;0.5927491538352525;0.23001427783149553;-0.7242048976451108;-0.9868283647251923;0.143400688458867;0.6028464639123903;0.9467356354462242;0.15537477338324313;-0.7521639575445955;-0.1120321992544282;-0.639998198144639;0.44265983167332346;-0.6415216514373248;0.0021113805897055027;0.4767484647990421;-0.34515886258172457;-0.5806258598089604;-0.728995516781888;
nw=nw=nw=nw=
0.8193466109971883;0.06038476668506987;-0.29994229532253014;-0.7580235969569695;0.4439068935174961;-0.8176105155782629;0.4661622217717889;0.03659744542742294;-0.6743807995601099;-0.02593949611385704;0.17529967005816083;0.8080767784268423;-0.6327812692655848;-0.763616454043013;-0.808917414526803;0.11237768205034127;-0.6017212032021177;-0.0995873027132903;0.5404482186268835;-0.7922769543323331;0.9812606933657761;0.46938666639765847;-0.023729070234719263;0.00021847474136382772;
nw=nw=nw=nw=
-0.17907952417351747;0.9837447406427036;-0.4748658528706755;0.36754475987138635;-0.5494544267449559;-0.17620476567664456;0.005348937948163268;-0.953640624897161;0.46375280461080814;-0.08773026348802615;-0.4809586268971431;-0.7500277124953212;0.3591590584353972;-0.4915244262579186;0.9769504224667775;-0.9114392262977449;-0.0610989447406145;0.9831910591711011;-0.13700028470233638;-0.79722358995586;-0.8394219553837874;-0.9895309261791327;0.4895787343141682;-0.3042007997883265;
nw=nw=nw=nw=

lw-lw-lw-lw-
0.6397814057070117;-0.27805602203360413;-0.9538648686075357;0.8814284976429945;0.27340961927247887;0.20100589147133663;-0.40542412569668285;-0.37704909431940226;0.07248826560818267;-0.5749571765538801;0.1437776649682705;-0.5781749783354679;0.05430088494459073;0.34637644987991956;0.7745031779597822;
nw=nw=nw=nw=
0.8793792414058117;0.5798508752495526;0.8738769087341454;0.0462460474926627;-0.8708592693640576;-0.3770237574559061;-0.8687287016921457;0.431508821704893;0.1500518984061452;0.04093477219669128;0.1720184155850506;-0.7446679663765323;-0.753078906884949;0.13570890099762756;-0.3647349685683019;
nw=nw=nw=nw=
-0.6177584261448772;0.02888916614267889;0.7813737427926981;0.6301471198821931;0.09944776292330415;-0.37888870688758836;0.9411712103530865;-0.42145276627560313;-0.03879010985243392;0.02131436742672621;0.8152769053983193;0.6470139457620032;0.39089770863766304;-0.7268403060321551;0.6022047019545815;
nw=nw=nw=nw=
-0.7714319567838737;0.21661412886388498;0.03168708622090444;-0.7894601866250333;0.6274481129784655;0.6721582730174274;0.9534148207464519;-0.5742838344368812;0.2407616588253314;0.12829882542667215;-0.6397667256316844;0.702315691936036;0.8424511587921901;0.22749687686253228;0.9115155234531895;
nw=nw=nw=nw=

lw-lw-lw-lw-

____
0.16590182156289734;
nb=nb=nb=nb=
0.5259092439814061;
nb=nb=nb=nb=
-0.1251921083845704;
nb=nb=nb=nb=
0.6283989905121519;
nb=nb=nb=nb=
-0.5319112660107559;
nb=nb=nb=nb=
-0.4965256380623231;
nb=nb=nb=nb=
0.9001621209194133;
nb=nb=nb=nb=
0.20570316420451662;
nb=nb=nb=nb=
-0.9911652297740965;
nb=nb=nb=nb=
-0.5638164053842813;
nb=nb=nb=nb=
0.7160584855789796;
nb=nb=nb=nb=
-0.9694255051139635;
nb=nb=nb=nb=
0.9411089844170937;
nb=nb=nb=nb=
0.46575622514414894;
nb=nb=nb=nb=
0.7030441075490712;
nb=nb=nb=nb=

lb-lb-lb-lb-
0.8330952843646586;
nb=nb=nb=nb=
0.9867027685314598;
nb=nb=nb=nb=
-0.6289826160312384;
nb=nb=nb=nb=
-0.0899795827016463;
nb=nb=nb=nb=

lb-lb-lb-lb-
