-0.8826016337359974;0.15368842268682315;-0.5428327165092288;-0.11884481508425004;-0.9407858874661055;-0.9623944804814846;0.9132149137202976;0.05893833088655298;0.6242885152952102;0.20052967389601783;-0.9245324576499248;-0.9094898829300198;-0.9649462407258036;-0.5906367700810125;-0.050247659280878265;0.4757825088194769;0.7569811296137996;-0.7724697994871947;0.1186465517520876;0.5379873344467185;0.31530578247358676;0.824827279278435;0.4034244378268308;0.022208274999967248;
nw=nw=nw=nw=
0.6424379172025545;0.6600261749467298;-0.2328841929119383;0.36107023952899975;0.937561937783475;0.9695617611951772;0.22042901974043683;0.625671257823093;-0.6193918418741746;0.31243699022442417;-0.6209883334533894;0.38217647594809057;0.599850848631301;0.2348144394229006;-0.7142290262562265;0.2421068370189512;-0.9697761889415137;-0.3653174322464434;0.5473334453549008;-0.0659222342507162;-0.1274998078147278;-0.5180334519149017;0.5542711753806258;-0.5426447759966135;
nw=nw=nw=nw=
-0.052429887795629515;-0.34602781268062577;-0.2909867337429448;0.9636770915814974;0.823064603838332;-0.836381619857441;0.5972631151366414;0.5605784630520814;0.6661466999169199;-0.166933077084364;-0.6143757108513537;-0.6073647239480382;0.01846434349222492;0.5447032971560517;0.5103027293848297;0.7052815934638133;-0.1329910265072367;-0.8821314242563638;-0.433128384924824;0.17278858412749254;0.9826722522612068;-0.6977571888668237;-0.5130134668255293;-0.5687892869596258;
nw=nw=nw=nw=
0.9760823632305042;0.9953382043846819;0.4337169942419792;-0.09156921263014373;-0.8249482756562727;-0.9885707587772039;-0.2400320850361124;0.47817585788795314;-0.32913334775415826;0.6318524299495654;0.5268200791880566;-0.4659259362305368;0.7103355155616777;-0.5936118736378322;0.3789071201681389;0.7603487403056115;0.5694153873383163;-0.13034401978921872;0.3459426910291383;0.06161315471569573;0.4607862188852181;0.675553242507881;0.5928014521538063;-0.7366585264192964;
nw=nw=nw=nw=
-0.4401309725435891;-0.5956638722808576;0.8615196707128359;-0.0759826328230846;0.22482565008697186;-0.9034689792532;0.5628911722584888;-0.49432108859904056;0.19108984491634962;0.005906512551668186;-0.23527298596563284;0.026965895281794383;0.45858746819307417;-0.7979022830217675;-0.49701339512857357;0.15901641189537696;-0.8952991910106805;0.7718626503221251;0.46880384409248865;-0.4751902962845278;-0.7813672864052017;0.5418461745546992;0.05722699353285532;0.33553718724431625;
nw=nw=nw=nw=
-0.41680127947704904;0.8531928808441351;-0.515159623038089;-0.3138543914920342;0.001095673973735778;-0.8633628587502489;-0.42535873891434073;-0.5519449686545317;-0.5823973363048482;0.29168335575564064;0.8438480427287964;0.3469959771177069;0.3746779741944948;0.7425322024742698;-0.36228985600862096;-0.6198868890231621;-0.08514731561837507;0.897254836740073;-0.1689188103399777;-0.1312832486659159;-0.6767848210413141;0.5446363363729005;0.752583262106252;-0.3069324229604531;
nw=nw=nw=nw=
-0.05622035635170053;-0.24301623564861696;0.4309526512188775;-0.10451422800705612;-0.7384832993650272;0.5903190665894638;-0.840346201194828;-0.42974859788169995;0.8797434396322343;0.9050660386587224;-0.2813531113711092;-0.26840564185684146;0.5011598836622042;-0.4644304498638858;-0.9501050251529259;-0.6993119941793704;0.2958937250267033;-0.8195168401911941;0.09333423792397011;0.3777670683097216;-0.5827938809633508;-0.9396008076448961;0.30790116806671497;0.4302032577219552;
nw=nw=nw=nw=
-0.47867484250486925;-0.6835447287088661;-0.07013492384726794;0.8478088810147084;0.6083255740817517;0.47456362338070224;0.8249784254816599;-0.31577104464570516;-0.9286420159714803;-0.28230827346441245;0.9330616212387537;0.20064625646095124;0.9478015922942551;-0.024764269334391464;-0.9421599627066526;0.1604281104244416;0.8857794897076572;-0.7066654998896194;-0.6558375687784157;0.4934210618980335;0.6370158958799661;-0.7227714914177141;-0.1481903047760671;0.35032905432926675;
nw=nw=nw=nw=
-0.6283830390531908;0.06558298830241704;-0.2236097914195636;0.14360748784909783;0.3730003566109925;-0.5657361513114818;-0.6094978805022875;-0.6796782234291343;-0.02066563316150649;0.6674039753007994;-0.11790864828886471;-0.29970686833947213;0.9249836085603813;0.5069545493563414;0.011165447782485405;0.5268366992842315;-0.4179982496284169;-0.47264819918403145;0.8205760256509822;0.6937110025092588;-0.004012909026887446;-0.022929503780481753;0.5553476696802417;0.1560074274054588;
nw=nw=nw=nw=
0.20779976476121198;-0.15890852277896883;0.44578520775045605;0.44657996174118963;0.7735827478071966;-0.7413370853980128;0.5320266981651454;0.8096022092111956;0.7397695047719788;0.25081359285258475;-0.719841232591677;0.4099966374865591;0.5069515470922079;0.4409661647778893;0.1691636572424029;-0.1544477381439462;-0.9087376439134998;0.7848740592866756;0.3695420334849062;-0.014760239191509816;0.8541144201069109;-0.5656940166180378;0.7163302034794323;-0.8077322334667201;
nw=nw=nw=nw=
0.9519106456262472;0.8163895451913863;-0.8289973997556774;-0.6288651890410573;0.21828811258294145;-0.2763146516545065;0.465327108102239;0.25197494919613583;0.3271373921111944;-0.821364124142995;0.49511941790263614;0.8466473404756043;-0.9763481535952354;0.9334446698448733;-0.6955879443403619;-0.5000091264469166;0.2936453332645659;0.22865356352388488;0.8232543809384492;0.8956069303668108;0.4756311759472416;-0.025832954465705882;0.3670408535583025;0.06359216903111387;
nw=nw=nw=nw=
-0.6541849657576262;-0.0857110742396674;-0.1407850578161307;0.936041542182503;-0.2909804807636489;-0.7340672528856571;0.8938019493217317;0.6572204098417254;0.789967256036745;-0.614447061158401;-0.12399256212895282;0.6710894630438637;0.13694978869621144;-0.6887535736368369;0.866803122110112;0.02435795698576726;0.5812124363014526;-0.9494603907293562;0.4783269069066136;-0.5252728397778677;-0.15193599561197146;0.2347474505859306;-0.10830747079657033;0.5291777188921747;
nw=nw=nw=nw=
-0.9757436650716336;0.6322099552698308;0.4164221898894904;-0.2602832372788437;0.7987146450382545;0.31551693875135434;0.00747951867984642;0.7798099012541322;0.48182082310331786;0.062421507908499096;0.1809057908450269;-0.6233056594077404;-0.9459741251561349;-0.27725369728787386;0.4190213743023221;-0.02499021937130519;-0.11084927080801177;0.2322439120422033;0.5634785580662225;-0.046947888334949894;0.008568392992168938;-0.42576596391875454;-0.6734711115837331;-0.7113474806677902;
nw=nw=nw=nw=
-0.15063970646996916;-0.24532685228436613;-0.7185531895657025;-0.94379165887408;0.1534238359689959;0.6341076606004508;-0.7479757238165965;0.979638276727969;-0.909640163202623;0.4604296554358631;0.45444003652416676;-0.7010713424934025;0.9834227565231628;0.39577385814984867;-0.027381130962925937;-0.4367990538020179;0.8615557336286863;-0.5134288829070492;-0.4457824684413074;0.3255846487361562;-0.36180986774762824;-0.1352362257435531;-0.008198283582582455;-0.6108524338487118;
nw=nw=nw=nw=
-0.0765247180911015;0.6320283201251775;0.8280854421908419;0.6778678688543833;0.15054700909272234;0.40692901789402947;-0.7125202689551713;-0.08120985013284421;-0.9173894569186489;0.7503482161766644;0.7600186016220409;0.29430049052965934;-0.7109261498245336;0.38712602780302796;-0.6947056123944917;-0.11463204868696497;0.2726190620437121;-0.23660032932066088;-0.031303234506165234;-0.5936198844981719;0.18061938259202615;-0.1311753386643899;0.9126102272433765;0.6874081309674716;
nw=nw=nw=nw=

lw-lw-lw-lw-
-0.11006776608743074;0.1538551612172292;-0.4490133191306058;0.1356978818082053;-0.5840841808147264;0.044203855221707;-0.12520811921406416;-0.09485264014668848;-0.16198033129900136;0.6996583683010678;-0.0654255987296295;-0.8105221067882415;-0.9334611637589658;0.8135772772872643;-0.813676740743231;
nw=nw=nw=nw=
-0.3852742421839028;-0.48767494298245473;0.5363515457803949;0.33219467215955256;-0.9123871341848215;0.6072174195356732;-0.8053357911099286;0.893224721265008;0.9776008250436004;-0.6780011937413681;0.5105351179758424;0.10913798502645866;-0.3303895036111535;0.5712795453549322;0.184744234479167;
nw=nw=nw=nw=
-0.7947336089858803;0.38664277765419475;-0.42723933110302825;0.8482081035893385;0.8663663662577428;0.7273898182294409;0.05939283934935369;-0.9987472919034124;0.8220162273889589;-0.7762544982974711;-0.14340125105484014;-0.7105895638470077;0.03059495673470569;-0.8982371518062324;0.3681367985766224;
nw=nw=nw=nw=
-0.6171892108143289;0.12321619417890606;0.8306211011250699;-0.28786986266540504;0.6572440325470625;-0.37748774026089515;0.17152712126884628;-0.09339475416295762;-0.9985123941118441;-0.9707588025717191;0.06293606851754707;0.7718089768846175;0.11423272176924604;-0.9779240783117025;0.5648787650873472;
nw=nw=nw=nw=

lw-lw-lw-lw-

____
-0.15148992317233412;
nb=nb=nb=nb=
-0.29340840331129914;
nb=nb=nb=nb=
-0.9434612780381411;
nb=nb=nb=nb=
-0.3848914368440697;
nb=nb=nb=nb=
0.4701883868173078;
nb=nb=nb=nb=
-0.30533443122604753;
nb=nb=nb=nb=
0.7505472714020187;
nb=nb=nb=nb=
0.15392203547308703;
nb=nb=nb=nb=
-0.6509786551630761;
nb=nb=nb=nb=
0.948270822061424;
nb=nb=nb=nb=
0.530572200382577;
nb=nb=nb=nb=
0.44844957544816966;
nb=nb=nb=nb=
-0.009087094681544006;
nb=nb=nb=nb=
0.4440600088469968;
nb=nb=nb=nb=
-0.6577171675098801;
nb=nb=nb=nb=

lb-lb-lb-lb-
0.06636483727640496;
nb=nb=nb=nb=
0.2635279427995052;
nb=nb=nb=nb=
-0.8186197789800782;
nb=nb=nb=nb=
0.6510520305238683;
nb=nb=nb=nb=

lb-lb-lb-lb-
