0.2429960376784832;-0.2765533226918213;-0.19331822347121075;-0.5321113316559902;-0.17035985146787436;-0.6015454472710242;0.9709267168247708;-0.8082125887357843;-0.2913076070658158;-0.5858919456334102;-0.9530081283324494;-0.6199585325732757;-0.4993197362974213;0.7014445088128267;0.11974102084165206;0.5435612898404243;-0.8717368846810487;0.9611176407972644;-0.7919550665134323;0.13538296680970952;-0.6440806079669201;-0.49337702383431536;0.9593784949390407;0.37480630373756973;
nw=nw=nw=nw=
0.24006419528772205;-0.7534502344783249;0.7675767768342197;0.9931796428502133;0.3968612049684046;-0.6439755347284555;-0.7483754692160702;0.6887700533302714;-0.836119522452037;-0.527776221313478;0.12776064915855345;-0.14970705855943;0.3325688342730211;0.9998403058259968;0.6166069888600689;-0.8208231625031548;-0.23803997767878915;-0.7771503506540649;-0.19787091829914782;0.08902329809932197;-0.5804301008162323;-0.8516944611397834;-0.6537498308932601;0.8595537854821607;
nw=nw=nw=nw=
-0.5032543834602321;-0.12351141146395506;0.06955398707992777;0.2783214642418379;0.17499244033198336;-0.3355998895096888;0.6170158742188019;-0.12646348584737122;-0.6734292524994268;0.16735504664580336;0.6034054610639894;0.8371711061558089;-0.08262241134692916;0.45744596711735097;-0.22152590221743185;-0.22218485015809164;0.5290770492308183;0.2808249268921714;-0.9645357172782558;-0.9659505016465515;-0.38928297553494406;-0.9637399862272875;0.8461202394658296;0.4877391315418389;
nw=nw=nw=nw=
-0.32311126106460053;0.1282641458469289;0.2256585476907882;-0.37137111217845553;0.16654180273994657;-0.9473866111913247;0.14488606532444215;0.6748238510889784;0.6965286832979631;-0.00414910698089499;0.8955334727870707;0.7617202825929195;0.5731804565101934;0.1418183976964016;0.8239198636989347;-0.8166198843937948;-0.007336080584350091;0.6601189916501926;-0.5254149245287667;0.5144625419914091;0.38497425396046747;-0.2626160337305592;0.9326712552303598;-0.2005997032471123;
nw=nw=nw=nw=
0.33668762710895916;0.9654782602610301;-0.6487818706623354;-0.07895035344534507;0.9546959528103691;-0.6642172732775338;-0.4533991971496776;-0.4070939548753716;-0.9741111994206935;-0.8065836166538529;-0.42581745872607457;-0.5983577982507688;0.11319952226691687;-0.8429425884035802;0.9050803342699272;0.21279730483400638;0.4668227049339415;0.33427493092301663;0.934046123586574;-0.759405813721939;-0.7099853160868834;0.22858421928943984;-0.05688418733164835;0.32504588114860566;
nw=nw=nw=nw=
0.3492808495452402;0.8780251856069534;-0.7961222610117453;0.945506609537873;0.12128529712855496;-0.17558691749867328;0.61309989606392;-0.441487967975128;-0.7367715133394948;-0.9471516589070001;0.5627970791058361;0.7755787552357378;-0.07197307071066184;0.3766910482395718;0.41247990800872536;0.26474930183712364;-0.8705606278698681;-0.315250540592267;0.6078069355692111;0.8182605237594316;0.6470530426208914;-0.6049584539665658;-0.6300416776121247;-0.5033774538209836;
nw=nw=nw=nw=
-0.14255872494109045;0.5531951324386417;-0.376686121675073;0.9115876284040398;0.5959569595684597;-0.1354666019389048;0.6958832260867063;-0.593094353795341;-0.27347018488241437;-0.23335901185578556;-0.36020715917928503;-0.3364657017314727;0.17384472977678778;-0.46766944051101156;-0.37360628312801936;0.041451658969557936;0.34304351856143;-0.15349710942164263;-0.7007192066895165;-0.20424974770747073;-0.1692290787778612;-0.2782547337652863;0.005485780796367079;0.7492277678358645;
nw=nw=nw=nw=
-0.3566535295039519;0.40133509925553335;0.2539845214067764;-0.7062578088267368;-0.880185832081356;0.4400232204620764;0.37120183737415124;-0.14767644756792175;-0.5492904227481614;-0.5867926975122792;-0.5599991358560703;0.4919419708348751;0.9703571789605943;0.7573670546615932;-0.7224922318051048;0.9817324319817484;-0.7936322508495786;-0.08786406102125532;-0.6030709701623069;0.8347598243075529;-0.9203211721098103;0.9005334925265065;0.25083449475351727;0.3200629401859949;
nw=nw=nw=nw=
-0.8924159461828725;-0.4611037749429425;-0.6063157708944504;0.7059364297167101;0.6852636797501992;0.8258350356165798;0.6516907184596641;-0.4558433616302857;0.5821278027456533;0.7996862149640858;-0.024793472855232368;0.9162296332469995;0.4494559552053736;0.9135675828792249;-0.7026991202309587;0.650820987296375;-0.6097915561964371;0.43282692604595185;0.5803060551417414;0.3826370229170173;-0.582629489231639;-0.4682127260410116;-0.6611712602131106;-0.8856952531740834;
nw=nw=nw=nw=
0.5704397709306266;0.29197607476408605;0.1935956465671933;0.12749685506673725;0.894412131696205;0.7792838937959001;-0.19464939189226405;0.7350342094029361;-0.13020396393696965;-0.3838120948471435;-0.7937492912269402;-0.6711316700345786;-0.008785223029961653;0.863865519807995;0.46604232200012374;0.8459294831441475;-0.2810763375092282;0.061942312586138026;0.6125982584484515;-0.12524863667787067;-0.4900358937917355;-0.5843860160765721;-0.6793244451855938;0.6141808437892633;
nw=nw=nw=nw=
0.9667566206265636;0.8139626185175177;0.31882843704050656;0.3940099562180088;-0.6197873752435383;0.7994561597482275;0.39108949433327145;-0.5541672453146445;0.4320653003186863;0.7282510015031978;-0.6188145841409736;-0.1991937192443618;-0.1646195223751501;0.08031506098726249;-0.8557680972207451;0.39142466692865585;0.0239435435469455;-0.4650877977708838;0.6334152609716679;0.13921058690651766;0.9124117340516344;-0.9628383403116416;-0.25097945265491495;0.39954189214206304;
nw=nw=nw=nw=
-0.4531323010238886;-0.18585716861738022;-0.3912208391171208;0.42764291520675823;0.9383172115319527;-0.9090279257966545;-0.8066200348967991;-0.22409878715083797;-0.8614318625464417;-0.1891564024005079;-0.047022323979564185;-0.5490556569150122;-0.7456293598696295;-0.26124318311819583;0.5698567456350416;-0.9006034857695022;-0.16969218944416187;-0.4627180934108106;0.5539691107832425;-0.8502109520019061;-0.4572548058934107;0.8125925528652282;0.5701475200187693;-0.4824330630364153;
nw=nw=nw=nw=
0.4042704852436454;-0.5184097769095126;0.08000874246987255;0.6758484075818916;0.8765612429348881;-0.8348475755916169;0.8784765737010818;-0.39799335441554606;-0.8951765668678193;-0.3278234911065707;0.9961082164070434;0.5067717519769035;-0.722804408648039;0.24122845995889985;0.6437783896150198;0.8552830533948099;0.16443124413811194;0.10426033554666847;0.22256194951687225;-0.7511176318697552;-0.11533855975767704;0.23090313230645676;-0.008000389349531067;-0.08634972043317446;
nw=nw=nw=nw=
0.8734668749642813;-0.05142402420380221;0.4884389744447566;-0.15004002787801873;0.484705964700183;0.13131304633118202;-0.8103393831607679;-0.13504313563458936;0.9566728211111173;0.9640463046487082;0.1195578161437707;-0.3016591886386024;0.4658434009273249;0.9613284589758739;-0.25833205051037833;-0.17735480083795263;0.8707612545925347;-0.9156830267169875;0.8929009195906858;0.9349379841081356;-0.82304084555468;-0.03646746443231064;0.39593442912330934;0.11578889890463628;
nw=nw=nw=nw=
0.573566132880837;0.09778121171568;-0.8063394846985936;0.9744123146328798;-0.6213683735746589;-0.44012995203566385;-0.5689218573050581;-0.9432182666735778;-0.40718846118960617;0.44709896925687564;-0.038057415157282115;-0.10940989399231404;0.8739508626947945;-0.868595721306836;-0.7269011476667293;-0.6301313236319024;-0.716031838657935;-0.05972554949384179;-0.7009612712388482;-0.865956163638262;0.9490030282974302;-0.3115798969785608;-0.24724999485498045;0.3875273795827183;
nw=nw=nw=nw=

lw-lw-lw-lw-
-0.7553767681585986;0.259858254627759;0.2815115962837855;0.4605390470346291;-0.39374229838717545;-0.029970240767173806;-0.5731751474761582;-0.28534685628259715;-0.92305597909465;0.22054742847002018;-0.6074300598809173;0.2168565914996099;0.5375342511921735;0.34598392841728076;-0.5312218108053803;
nw=nw=nw=nw=
0.7649500482597995;-0.7581912450846535;0.3049568922942658;-0.05941515285738763;0.9655590573137638;-0.4448545690574728;0.7115982712730773;0.7804665900283732;0.5019775090882108;0.28146844519722136;-0.8636775149485476;0.40697591282071377;0.4092634252561753;-0.3653190745043067;-0.16825365698517092;
nw=nw=nw=nw=
0.9168463207778923;-0.08896421191408188;-0.3039297346785228;-0.8164940508651564;-0.35121337588446466;-0.9550737578703545;0.9505778648561318;-0.6652536458635931;0.3811162126975691;-0.2660091706056875;0.38549947095046644;-0.6585353727141323;0.9434663909827627;0.622834560528136;0.5695782006359178;
nw=nw=nw=nw=
0.40984250686278334;-0.35096241513446325;0.013016326181399585;0.2259624099092128;0.5692162551266817;0.9908412061227192;0.6594690200510811;0.10521598205428173;-0.00593846278282939;0.6320866746340763;0.5612343427059425;0.6210020280066288;-0.6628823609442638;0.11153641304645578;-0.5713501448695313;
nw=nw=nw=nw=

lw-lw-lw-lw-

____
-0.6170912851182162;
nb=nb=nb=nb=
0.6013895420170772;
nb=nb=nb=nb=
0.7221425411784206;
nb=nb=nb=nb=
-0.2005154237000477;
nb=nb=nb=nb=
-0.19419923472683265;
nb=nb=nb=nb=
0.7887619080814121;
nb=nb=nb=nb=
0.7201838612074749;
nb=nb=nb=nb=
0.3235736295018097;
nb=nb=nb=nb=
0.1722836397229417;
nb=nb=nb=nb=
-0.8959510293504587;
nb=nb=nb=nb=
-0.5518836553157469;
nb=nb=nb=nb=
0.031247479937353884;
nb=nb=nb=nb=
-0.11973220353089453;
nb=nb=nb=nb=
-0.6124257512604097;
nb=nb=nb=nb=
-0.7153497811370841;
nb=nb=nb=nb=

lb-lb-lb-lb-
-0.276489872074972;
nb=nb=nb=nb=
-0.31038862605917217;
nb=nb=nb=nb=
-0.5075341763454484;
nb=nb=nb=nb=
0.6396155167071096;
nb=nb=nb=nb=

lb-lb-lb-lb-
