0.277905537104155;0.5926175420563426;-0.2315223841370635;0.631902315772557;-0.15036390001086963;-0.15853968234114135;0.5395378383973033;0.3933247529235493;-0.6352883262561906;-0.8602224074830593;-0.5702929993242782;0.7593520491864243;0.8769231802083859;-0.2743667243788612;-0.08335480807841189;0.5186407786940241;0.6013363306541095;-0.9517051582720009;-0.2748205696876882;0.5056598823144527;-0.9463162274467054;0.9786638280860971;-0.5238385211234795;-0.6003149703720065;
nw=nw=nw=nw=
-0.8419397038585759;0.29641625740160626;0.20952931457923896;-0.42315615346917057;0.7132279753958155;0.6411811585779581;-0.2928242823241811;0.3706270461890777;-0.6367079507042541;-0.022258129495646317;-0.7486903946781063;-0.9841351661489903;0.33521969206290336;0.8753131583169607;-0.9791066894697908;0.988021097205027;-0.1403536599630819;0.7729290852796287;0.6627510554615168;-0.9367250466286969;0.8451625599375754;-0.8101160945143779;-0.16484974581023892;0.6234790989816636;
nw=nw=nw=nw=
-0.5172352140042105;0.7115815510055408;-0.7538804915097927;-0.8691280635451681;0.8749943679909287;-0.8258612655212603;-0.1291216493434333;0.7485872329917571;-0.5509673392874608;0.42713762634058927;-0.28100352369471904;0.3211574271040236;0.022615880802918653;-0.0976526492415235;0.4092842085915265;0.4710570028771477;0.3173986418036765;-0.8984072024243857;-0.40019879575553663;0.19578821931992718;0.01655451338215408;-0.9606672100464093;-0.5904960773161796;0.4942353959730872;
nw=nw=nw=nw=
0.7460131841269113;-0.5161269661159451;-0.4270767527487922;-0.4201823050761393;0.32239565399829107;0.38819303910110015;0.7333646096802517;0.0636670819171048;0.0513197449807119;-0.49707656159360236;-0.9977133034996715;0.0808567404742615;-0.23018689098151546;-0.5964802991460976;-0.3024212160057558;0.6985051094836854;-0.6160590388190763;0.9433774390094287;0.9738022889421318;0.41716452632575196;-0.8865834659560958;0.38432453748000617;0.11057977680754982;0.27114345254482775;
nw=nw=nw=nw=
-0.24822523877547664;-0.5116679863293281;-0.7783753831898843;-0.7794164038731504;-0.34499478678030626;-0.3116565965271758;-0.9338902544740784;-0.2094331632353208;-0.5639625155182528;0.34796829868314516;-0.3671669587819377;-0.5995187122903094;0.7965133234251156;0.8635994519106946;0.9637208931468519;0.031994254987920634;-0.6414456932931532;0.9085040355885519;0.4019140710445026;0.7681475601437635;-0.09628238920133492;-0.7636316822154678;0.7623841636956279;-0.39669408594954025;
nw=nw=nw=nw=
0.3256905441405207;-0.2936101837933496;-0.5144645422078475;0.37238170829692474;-0.31666304247258736;-0.035816727461249975;0.37876905759519963;0.05516660816052554;0.5498966438373807;0.8224372534220912;-0.053627028603815186;-0.045779116495601846;0.15873249669179068;0.6763529442150484;-0.6316852232162433;-0.6266753082098901;0.7645693367576294;0.4812665319298932;0.8004801543779674;0.8870885090512644;0.5102812980615423;0.6053414859293764;-0.015220253332136613;-0.9799490128033457;
nw=nw=nw=nw=
0.3866616461638803;-0.19949766818342907;-0.6980724005340468;-0.3934288415259022;-0.23264294899713733;-0.17176081192139137;-0.7624507874093587;0.5503380862594027;-0.3861722547675883;-0.1485899940265718;-0.11268301975066075;0.25269965293831476;-0.87344103623202;-0.869470292358208;0.19401723226525402;-0.6191159144142793;0.8662215021915363;-0.9707002316002533;-0.7059707987954433;-0.6856083368551331;-0.6300887479052064;-0.3267441380697953;-0.5187653738853548;0.9748765221357645;
nw=nw=nw=nw=
0.9571165594076707;-0.6994931454489277;0.5031346981506215;-0.781207679480658;0.13555125791149125;0.7400714246617468;0.9046379717955193;0.8106319294669029;-0.7747263501618393;0.8599784273609368;0.14727901246126818;-0.5653282194658229;0.10438077179205196;0.35930219574272937;0.3882569534695488;0.8814345539128152;0.7214924684320883;0.4238505518269371;-0.8863056123585848;0.3636736281212438;0.9666393606074102;-0.6056841204033356;-0.9754397391923693;-0.08723542755377389;
nw=nw=nw=nw=
-0.6526315543884631;-0.2856039277663678;0.7096869252656233;-0.49022183514709505;0.10752292217146908;0.9596244398145501;0.5509446233187327;-0.7365648019467381;0.33767457222877106;0.26428752761496366;0.3456313183853801;0.4809630637508078;0.7031377675814334;-0.6751168939467287;0.39339399666084973;0.9738894102388398;-0.29542911962365515;-0.8963370930550536;0.1073740222949171;0.3687986048747163;0.13446841600394865;0.06528456581576636;-0.19386701096048276;-0.8415748451685443;
nw=nw=nw=nw=
-0.8621788289671255;-0.5276169628746314;0.5890335752048683;0.6748771507675584;-0.7208426329174513;-0.0959265863880081;-0.7112572427639541;-0.39383148965144477;-0.11464335762316824;0.5955898218688278;-0.6241381406183837;0.06697518547537307;0.5817298928647967;0.5697342657137259;-0.5240720279380131;0.5485369453081066;-0.16492453655315464;0.42953111071700945;-0.7514588749706552;-0.45149293855629424;-0.9573504744884704;0.11772198569698245;-0.40038820334423497;-0.38215770562035334;
nw=nw=nw=nw=
0.19665071400352474;-0.49364655475662467;-0.2137509886268103;0.02787249428859062;-0.20375002871462278;0.5596994908224144;0.7494828013606278;-0.9260061288996748;0.5494905979659523;0.5334396444988316;0.30193197299150376;-0.3033409952243733;-0.3185489672797295;-0.702756676892843;0.9040412631193968;0.04497338688884378;0.4906693507963886;0.4637601602016257;0.278966871312623;0.6260642367144877;-0.6914374384614359;0.48541243707589943;0.8103357855541806;0.23334101610257485;
nw=nw=nw=nw=
0.5002552617447438;0.6292750806055913;0.13714750099117112;0.34518984006746667;-0.16509676771247594;0.1558931782536741;-0.4464847308732698;-0.03613980684516349;-0.2502252141727841;-0.7048579795686043;0.5974670318740103;0.07779662373419804;-0.6305881941281346;0.6124501104273858;-0.8172704116891218;-0.762861927938234;-0.9998660483290867;-0.38291053392869845;-0.5437308514558805;-0.23892990502154077;-0.7594232873146036;0.7806737508799599;-0.17937975718082777;-0.4146851666273226;
nw=nw=nw=nw=
-0.9390799958022737;-0.8421927821880604;-0.48341602677987594;-0.5246856039857315;0.18819083020252725;-0.010651939167797053;0.5927491538352525;0.23001427783149553;-0.7242048976451108;-0.9868283647251923;0.143400688458867;0.6028464639123903;0.9467356354462242;0.15537477338324313;-0.7521639575445955;-0.1120321992544282;-0.639998198144639;0.44265983167332346;-0.6415216514373248;0.0021113805897055027;0.9728786525651831;0.07602017159124541;-0.06758160152620696;-0.046584211090151095;
nw=nw=nw=nw=
0.8193466109971883;0.06038476668506987;-0.29994229532253014;-0.7580235969569695;0.4439068935174961;0.04122221729855369;-0.732244339137049;-0.49864353603222433;0.6101699936594955;0.6563105560589824;0.17529967005816083;0.8080767784268423;-0.6327812692655848;-0.763616454043013;-0.808917414526803;0.11237768205034127;-0.6017212032021177;-0.0995873027132903;0.5404482186268835;-0.7922769543323331;0.9812606933657761;0.46938666639765847;-0.023729070234719263;0.00021847474136382772;
nw=nw=nw=nw=
-0.17907952417351747;0.9837447406427036;-0.4748658528706755;0.36754475987138635;-0.5494544267449559;-0.17620476567664456;0.005348937948163268;-0.953640624897161;0.46375280461080814;-0.08773026348802615;-0.4809586268971431;-0.7500277124953212;0.3591590584353972;-0.4915244262579186;0.9769504224667775;-0.9114392262977449;-0.0610989447406145;0.9831910591711011;-0.13700028470233638;-0.79722358995586;-0.8394219553837874;-0.9895309261791327;0.4895787343141682;-0.3042007997883265;
nw=nw=nw=nw=

lw-lw-lw-lw-
0.6397814057070117;-0.27805602203360413;-0.9538648686075357;0.8814284976429945;0.27340961927247887;0.20100589147133663;-0.40542412569668285;-0.37704909431940226;0.07248826560818267;-0.5749571765538801;0.1437776649682705;-0.5781749783354679;0.05430088494459073;0.34637644987991956;0.7745031779597822;
nw=nw=nw=nw=
0.8793792414058117;0.5798508752495526;0.8738769087341454;0.0462460474926627;-0.8708592693640576;-0.3770237574559061;-0.8687287016921457;0.431508821704893;0.1500518984061452;0.04093477219669128;0.1720184155850506;-0.7446679663765323;-0.753078906884949;0.13570890099762756;-0.3647349685683019;
nw=nw=nw=nw=
-0.6177584261448772;0.02888916614267889;0.7813737427926981;0.6301471198821931;0.09944776292330415;-0.37888870688758836;0.9411712103530865;-0.42145276627560313;-0.03879010985243392;0.02131436742672621;0.8152769053983193;0.6470139457620032;0.39089770863766304;-0.7268403060321551;0.6022047019545815;
nw=nw=nw=nw=
0.14101318730847545;-0.630261303928765;-0.0005763061742600772;-0.7894601866250333;0.6274481129784655;0.6721582730174274;0.9534148207464519;-0.5719752371912286;-0.3417801147839252;0.5430778144775048;-0.6397667256316844;0.702315691936036;-0.8187135214633103;0.22749687686253228;0.9115155234531895;
nw=nw=nw=nw=

lw-lw-lw-lw-

____
0.16590182156289734;
nb=nb=nb=nb=
0.5259092439814061;
nb=nb=nb=nb=
0.6672221318881661;
nb=nb=nb=nb=
-0.879297386852046;
nb=nb=nb=nb=
0.7460954343791018;
nb=nb=nb=nb=
0.6644587729015536;
nb=nb=nb=nb=
0.16362320920778273;
nb=nb=nb=nb=
0.2003808033597818;
nb=nb=nb=nb=
0.5423844691890245;
nb=nb=nb=nb=
0.7712496541567948;
nb=nb=nb=nb=
-0.04585745338963587;
nb=nb=nb=nb=
0.17267531177085016;
nb=nb=nb=nb=
-0.9936448342402358;
nb=nb=nb=nb=
-0.43467102725094087;
nb=nb=nb=nb=
0.7030441075490712;
nb=nb=nb=nb=

lb-lb-lb-lb-
0.8330952843646586;
nb=nb=nb=nb=
0.9867027685314598;
nb=nb=nb=nb=
-0.5303055694261674;
nb=nb=nb=nb=
-0.32416971324154553;
nb=nb=nb=nb=

lb-lb-lb-lb-
