0.4294862049367041;0.818510199565764;0.7284877397081717;-0.772680992919214;-0.8714583569214138;0.8062643950070452;0.5265335843947863;0.5655310655281138;-0.993450064388433;0.07948382959580158;-0.9356949215554347;0.924468059082604;-0.8698756730490806;-0.7257311110905664;-0.2197969472687924;-0.554214545005757;0.6231724568532633;0.07231194080223746;0.631168300072517;0.47713101604845476;0.9205995313096949;-0.3169000941503688;0.5739338925235022;0.5308147095289248;
nw=nw=nw=nw=
-0.31117734916228;0.6503039680046565;0.40636021568075353;-0.8394011377303969;0.7566320104234747;-0.6870590240096093;-0.5969400568546688;-0.9129269287724164;-0.18447234703613824;-0.32506311261271637;0.08186335250531585;0.18646692490298156;0.0453760989610561;0.7104719689710588;-0.11651682686264175;-0.2794839052285456;-0.567579345519905;0.7091872780511412;0.224375872379303;-0.43948445265029745;-0.0870672303398532;-0.42277169094931755;0.03308541780899432;0.5743097865198536;
nw=nw=nw=nw=
-0.9725297173569021;-0.813393977857918;0.8173380480751498;0.6938318664899092;0.6413988471265948;0.44849760942884;-0.29618849300747585;-0.9271948273881727;0.4786294535610909;-0.10475678609948869;0.4210806780777214;-0.5212160752872295;-0.7910063836760306;-0.24787584182297095;-0.13741736839378138;0.658193375061557;0.7615606802252572;-0.42286764938389654;0.23682595024622177;0.019150037509851003;-0.052608587026274245;-0.5637288591869827;-0.28075478525180486;0.015551034889451865;
nw=nw=nw=nw=
0.7061734984935661;0.25928399990479867;0.5362507440051314;-0.03630106767443442;0.6312165164289298;-0.6447236032180015;0.20542888421669847;0.3518814567115336;0.4430568986729544;0.8010965788353861;-0.9074886175660253;0.27934934179375515;-0.42085240576305405;0.46493978670724156;-0.2570376398889791;-0.8226869432371355;-0.2786250805808699;-0.6164549071914187;0.04229450283070446;0.3457036829138169;0.8746628108621646;-0.8780677454941936;-0.3753650145960272;-0.7970127506802249;
nw=nw=nw=nw=
0.3771952604771678;-0.09862320374473765;0.0002473702765886099;0.26075926819267004;0.2813781601050167;-0.411659766604936;0.5909963177835125;0.8831822464277559;-0.8092759584625409;0.6100582971792317;-0.3195413768445885;0.3553340162216905;0.2802793903876155;-0.28907313019421976;-0.7216890125392454;-0.53599632916957;0.931063038033269;0.8507629922449431;0.5638280334440471;0.6077507136369111;0.8871910225293234;0.7092612888440393;-0.8116717010459078;-0.04818029829790382;
nw=nw=nw=nw=
0.7851289979587013;-0.017000382594050345;0.08671798542509723;0.026423395073552847;-0.761323273869905;-0.8106207964230223;0.5277708879180709;-0.5202710969118731;0.35703672165091316;0.5383979402492285;0.9631475891058985;-0.8326595969643733;0.4375825301380092;0.0698727690951888;-0.6069331962374034;-0.6079146663274999;0.5529368723039367;-0.7754674153580867;-0.6110899328521526;0.9287436578098303;0.11864166761710337;-0.7218164000997591;0.13728355467666709;-0.7960709846710419;
nw=nw=nw=nw=
0.6981920077040138;0.977938575002105;-0.7840209707871595;-0.5100767037167688;-0.5344296936159756;-0.32588653002708945;-0.5954008218208013;-0.9601590780336595;-0.45852876100013074;0.9658736149520508;-0.6612204536328936;-0.27762440534460553;-0.8873180971048777;0.04079235510058221;0.8650652406612773;-0.4410240616859513;0.625989873674385;0.90555607114711;-0.6568731418661917;-0.05301170488072682;0.21221142784544833;0.2780000378093437;-0.33285618621898494;-0.9461773245988034;
nw=nw=nw=nw=
-0.7419065082622185;-0.18025739274360952;0.42594266068935926;-0.9452998934292367;-0.763639446773795;0.8693017565580505;-0.2955921774442418;-0.4703873480621099;-0.33705072658576074;-0.4012779701544442;0.38841263485480826;-0.7207446373612623;0.5229163262171046;-0.14377105811731572;0.27326791793310723;-0.13856223096018216;0.9286282675922997;0.07613828273166434;0.3457308696566439;-0.7932248013849712;0.14058776293938924;-0.2859314164546314;0.4461791268686761;0.03199339258906808;
nw=nw=nw=nw=
-0.6167984801954534;-0.8532579251338657;-0.27838044319266775;0.373321715188045;-0.5981078260756889;0.2921331477693432;0.36378800913754095;0.7488614925528134;0.08208376169947051;0.4776428425875674;0.9446087159158201;0.3095236792881082;0.9102365041248484;-0.42531415285073315;-0.8461642915392278;0.00847524360733054;-0.796923346157165;0.493340708020265;-0.6350012738271578;-0.44698218151788094;0.9958700261126912;-0.842246571989107;0.3311184442149715;0.1306485853404742;
nw=nw=nw=nw=
-0.8966482749165201;-0.6346931271126843;0.4120959090516154;0.3016005290414514;0.3998743063435073;-0.11674851410894327;0.6284820087479748;0.9201867137101061;0.8274873125195119;0.7343467916951552;0.2373096404229107;-0.1686128608475339;-0.17691916158381682;-0.8300685566352066;0.9280065749454338;-0.2655844550437041;-0.5355676930936792;-0.9875242060790828;0.3598622856811964;0.9251808014033842;-0.6112005644449072;-0.9111731914207957;-0.6716127792182867;-0.12408966252498255;
nw=nw=nw=nw=
-0.5635960126576005;0.7844276609564098;-0.33656210355996774;0.40528352509735943;-0.47919571737269506;0.9023866943629224;0.8104516739901526;0.15674018680938495;0.5441550920378677;0.1533763375949475;0.9980313984244586;0.05017713925547862;0.5012885965587546;-0.4198086792205378;0.34512635167192296;0.887491970341374;0.7930055918301591;0.2059304760281444;-0.5501771633308081;-0.9571751972514893;-0.5853101496614175;-0.19023221574420401;0.8495857129477327;0.1039377431322317;
nw=nw=nw=nw=
-0.8713336644961645;0.2773595326647924;-0.46761630738069915;-0.1253042741758139;-0.40444095536642366;0.9118605081883233;0.9721871989413804;0.9188212549669121;0.422120838004465;-0.5915521446199032;-0.6637416362276092;0.4660594127126416;0.4034168450807427;0.6516329705187718;-0.3763701482623436;0.12890330444414344;-0.9921632569342282;0.4921342752584692;-0.7636373987175844;0.372777032104153;-0.9197671727214793;0.12175104014936378;0.4263480518972045;-0.7024618511683096;
nw=nw=nw=nw=
-0.2716565334471073;-0.9857844240334366;-0.6456510189026055;0.40555617694112156;0.6532671845926379;0.7348669466594533;0.6013302449392284;0.5736103248713937;-0.5914309208466935;-0.7905090593677215;0.6570128453423139;0.4489162573779102;-0.33873095389769015;-0.01946839888741625;-0.21409942304652585;0.575088568137313;0.9721440143674576;-0.37038760753433553;0.32452694968835427;-0.5061939537721121;0.7139230051794803;-0.018491229817239274;0.259721909818067;-0.751061632461286;
nw=nw=nw=nw=
-0.9055795413760699;-0.49545966905873984;-0.38769858626106957;0.4501686550810695;-0.247715343379447;-0.9722879427823357;0.06713029837164619;0.36763578317440837;-0.42356245309253726;-0.2042807655265213;0.3519822428905415;-0.5323332528309865;-0.3835228094596863;-0.4566546615497231;-0.17692819334526;-0.5179832710024901;0.7109549569535158;-0.04834385791665019;-0.865680927017269;-0.22900336214374795;0.5261036178863798;0.10092943891569717;0.22676793303098575;-0.4769311465290176;
nw=nw=nw=nw=
0.1331794461823983;-0.6536878409801161;0.9662339918998548;0.09939152456286626;-0.8622745308363633;0.9633488875032032;0.03389044406531383;0.3948917986537037;0.14151429477094024;0.5617392194037134;-0.5483702745524375;0.7319062491024311;0.848445108508187;0.17106303220428498;-0.6592741205986743;-0.3612574631283696;0.09753566686891468;0.7498942956306689;-0.6603684916247785;-0.2189480438051672;-0.3997479259911021;-0.1887448619195642;-0.8224174946871081;-0.0631990176786037;
nw=nw=nw=nw=

lw-lw-lw-lw-
0.4849160585887453;0.7965251994439491;0.10507690363005384;0.4816142267733978;0.5599226934195067;-0.17932638384657795;-0.9985739096040533;-0.6240609274081077;-0.6308161955035272;-0.8434955557224513;0.9290433658488422;-0.4730901897409727;-0.3855452937683006;0.6064232975130912;0.9557025835058204;
nw=nw=nw=nw=
0.6490018537658921;-0.4098507745525122;0.6209575335849515;-0.7952161991484052;0.5421204280770255;-0.2623583604353732;0.5470696012606886;-0.8422743072718881;0.8995329329152253;-0.9500374778895215;0.8075624267008423;0.5439138460326667;0.3244330415430663;-0.31338928231080243;0.9972973188140726;
nw=nw=nw=nw=
-0.8266651057490533;-0.5279106482381677;0.044251320779004066;0.9464288102517129;-0.929326008203418;0.16561283407969074;0.4833834181112282;0.18202693849885243;0.5971700462133704;0.10202351604711057;-0.38098026798564777;0.8791849501488911;0.6587921167146547;0.020494489195291177;0.1492633629049862;
nw=nw=nw=nw=
-0.5204692310259866;-0.9925898495907732;-0.376073564076302;-0.6250440068457173;-0.030445446627666017;-0.8206442141769779;-0.9711032396697032;-0.4723455110848911;0.9104782903666899;-0.4306909889017041;0.04605000076461807;0.8534559895091742;0.6925455868577537;0.9979675266829353;-0.6745227091379247;
nw=nw=nw=nw=

lw-lw-lw-lw-

____
-0.39751528668337355;
nb=nb=nb=nb=
0.6104032283527858;
nb=nb=nb=nb=
0.11449849451346572;
nb=nb=nb=nb=
0.25723670354385475;
nb=nb=nb=nb=
-0.8408803335951553;
nb=nb=nb=nb=
-0.5852361399294261;
nb=nb=nb=nb=
-0.18259616733952466;
nb=nb=nb=nb=
0.7065696001793031;
nb=nb=nb=nb=
0.1662711843626794;
nb=nb=nb=nb=
-0.20499434714776776;
nb=nb=nb=nb=
-0.9508904415824386;
nb=nb=nb=nb=
-0.38598612404828936;
nb=nb=nb=nb=
0.46782503066106806;
nb=nb=nb=nb=
-0.7122651630454906;
nb=nb=nb=nb=
0.4837930958267085;
nb=nb=nb=nb=

lb-lb-lb-lb-
-0.6009130742608697;
nb=nb=nb=nb=
-0.15198161648989283;
nb=nb=nb=nb=
-0.038677399384168476;
nb=nb=nb=nb=
-0.3158572978486527;
nb=nb=nb=nb=

lb-lb-lb-lb-
