0.05885399960588478;0.045244401978562054;-0.9522370179086732;-0.6512479453128153;0.4696363397214207;0.9837100925994247;-0.37087611274942667;0.4385361254298732;-0.104268509888376;-0.8734938932327667;0.930938980577072;0.13838818840656897;0.9700490314849348;-0.3339956014160468;0.35424681600615937;0.9488892322794198;0.6388715615172185;0.5053205853611293;0.06776866636709644;0.1705049167719208;-0.5653793537287692;0.5069097554562723;0.27965210833872756;-0.7003293834292452;
nw=nw=nw=nw=
-0.5911510616308042;0.2695832987821587;0.39912688489895976;-0.8886402746205657;0.7853070712724521;-0.5301505338846955;-0.16875466621243418;0.2488304447338614;-0.15835819419747144;0.8007029315908245;-0.9717059017616334;0.43399476321045527;-0.14469575479848729;-0.32210950419663353;0.22503685079549274;-0.2539088169642556;0.3953035384913266;0.55585909465166;0.224375872379303;-0.43948445265029745;-0.0870672303398532;-0.42277169094931755;0.03308541780899432;0.5743097865198536;
nw=nw=nw=nw=
-0.9725297173569021;-0.813393977857918;0.8173380480751498;0.6938318664899092;0.6413988471265948;0.44849760942884;-0.29618849300747585;-0.9271948273881727;0.4786294535610909;-0.10475678609948869;0.4210806780777214;-0.5212160752872295;-0.7910063836760306;-0.24787584182297095;-0.13741736839378138;0.658193375061557;0.7615606802252572;-0.42286764938389654;0.23682595024622177;0.019150037509851003;-0.052608587026274245;0.20316731271374477;-0.526180992313052;0.38759764313175493;
nw=nw=nw=nw=
-0.8426836942867879;-0.44513853429946537;-0.9657629854119292;0.7097372429729409;-0.5287331350439237;-0.4708041554807201;-0.1582114270388224;-0.18860775240964323;0.635834297684609;-0.5960293218373172;-0.8776793921364692;0.3489367453095815;0.7159959893455008;0.6416717855391354;-0.9158931763852443;0.31911707540659817;0.06979401096180626;-0.7161298652984367;-0.8289677475647448;0.5524452147413859;0.40582993447298654;-0.8939225902563899;0.9917629866773183;-0.2119189079785131;
nw=nw=nw=nw=
0.3061723663067406;0.6571101624524933;-0.5859278562878298;0.9375948801886789;0.7190549454044399;-0.7677749217172527;-0.8098109399319804;-0.5236043907410903;0.35603022542278184;-0.6445664150434585;0.8463058186268957;-0.02507637573058763;-0.9747892166265442;0.5783353665182331;-0.9474562730563987;-0.9523725810922841;0.10532753345583878;-0.022110891603243088;-0.09601430217308504;0.814090981080287;0.2636541533071648;0.5923771459016685;-0.28926090361143;-0.8294065748510302;
nw=nw=nw=nw=
-0.8314368292333327;0.1005728747190251;-0.16819779486129982;-0.3630061394835302;-0.47115485679513935;0.8906139713966008;-0.7022279711550294;0.12174287854466148;0.8992743941785568;-0.8923288962156479;0.1798418374427051;-0.0017983066792712776;-0.0724438450482554;0.5293855911441474;0.011029739767635771;0.8969277017587789;-0.8319540206339022;-0.9901613550303765;-0.5898094558656011;0.042502669711762975;0.7989360333867173;0.29678402697237494;0.15100435474836882;0.33939447875602613;
nw=nw=nw=nw=
0.5163875425584237;-0.8867739339574807;-0.2003694365232327;-0.7017156402492515;-0.6349618298465285;0.3810864360068833;0.5267429218959558;0.9787251335211289;0.4776355245669557;-0.7898436668858888;-0.04232523673997246;0.5413594230482006;-0.8217416827902162;0.04079235510058221;0.8650652406612773;-0.4410240616859513;0.625989873674385;0.90555607114711;-0.6568731418661917;-0.05301170488072682;0.21221142784544833;0.2780000378093437;-0.33285618621898494;-0.9461773245988034;
nw=nw=nw=nw=
0.15363391043063301;0.511098679678752;0.07157391571027549;-0.490666217095187;0.6382257346762146;-0.045004988620842346;-0.28335547397472927;0.7340523514695567;-0.9609018525494375;-0.46104940057896626;-0.4354845186193379;-0.9502191140008265;0.7338418649289065;-0.7986854621223034;-0.7545309795334532;0.6765036145711907;-0.8838204664510902;0.7722328346266241;-0.7268360781386434;0.7196482424008062;-0.49421141263906954;-0.6017431957745776;0.20229906915264628;0.5087802028477448;
nw=nw=nw=nw=
-0.7789996841008437;0.25002852517918206;-0.23566899561327292;-0.4468763037693313;0.898275749184186;-0.867973859797232;-0.7873651296259763;-0.5599461847855749;0.34670241228786347;-0.5622084778800922;-0.2527088651667324;0.04389686688534411;-0.4177540513504323;0.6023596528007917;0.03509227061400866;-0.6366252343621852;0.8339543576144994;0.7020682908928981;-0.7980022852744568;0.6774577718659731;-0.2824844741819619;0.6350732695130574;-0.48111264078331284;0.8058907967927589;
nw=nw=nw=nw=
0.10373557349440365;0.5298415595270838;0.007426294911466957;-0.9995472754855717;-0.44381254982083185;0.04932881781720022;0.7954021031791327;0.9536885665773358;0.6403063050088762;-0.2619332558366778;0.44365923115820416;-0.9549959755349506;0.5836452035040629;-0.15153535183531308;0.5366741474551997;-0.9046999754575895;0.17224465038011427;-0.33934261092881024;0.8987043158481725;-0.24629471175859718;0.7935263769549961;0.9116382531133909;-0.4229081667891397;-0.8889026143709287;
nw=nw=nw=nw=
0.4297435863859844;-0.3702409323257656;-0.4490251224210853;0.24023263293397434;-0.8011819588343558;0.3765107844287483;-0.9264825665069305;0.7390025540862664;-0.4707636067249086;-0.5267227083574424;-0.18776285546813742;0.7706517125551793;-0.30997053703950916;0.819266652078372;0.5615849925002481;0.38269757304578667;-0.37230966021137957;0.3559238945568586;0.45322023198186523;-0.6063108547259175;-0.808329483961622;-0.28074197558339375;0.8604381150037241;0.8026993728920391;
nw=nw=nw=nw=
-0.20632709019710394;0.6745912673816759;-0.4529974491165645;0.7219700170991739;-0.24630946179158197;0.03792284181462646;-0.6092509225795193;0.6994212437978735;0.5150416955070443;-0.1959945560846379;-0.0744707998963603;0.3897791196947964;0.33198363058719016;0.3843930751228444;0.9893543938386222;-0.7296287829664456;-0.09137829940867204;0.552981817373051;0.7016825092692027;-0.06454797221868658;0.1374197459388926;0.700724724560337;-0.05174594030078872;0.9163056879732834;
nw=nw=nw=nw=
-0.2966848528731614;-0.23970108630078224;-0.20907271964410978;0.03256045647788319;-0.5347384489827038;-0.7953139058642669;0.7832393546023919;0.4220800654443033;0.7657269155120769;-0.041381350015502916;-0.13552252374145302;0.27957976722184186;-0.640400958235325;0.4439658263921771;-0.7334341878190669;-0.19275892156540775;-0.5201968016661482;-0.02737027515814927;-0.4263913716871228;-0.9408670342789016;0.27526112141163717;-0.4582856060306182;-0.3400836794512796;0.6303597687099154;
nw=nw=nw=nw=
0.04657061108426741;-0.2863622506444634;-0.8573634425723098;-0.1101413432679883;0.5196124948645124;-0.8842958588775796;-0.6115940673992639;0.7911034671834734;-0.7897715489859318;-0.4420563174390195;0.9391692902920097;-0.43557406789252506;0.808463522871778;-0.8978921293874043;-0.7425290893218368;-0.16631782172727472;-0.07354313439762605;0.29775131586713566;-0.6038267578954095;-0.08775019493111103;-0.6060135203107202;0.002289314338456805;-0.37379856306096304;-0.11935845464540673;
nw=nw=nw=nw=
0.20963734197226613;0.8311024501254967;0.3909022996214;-0.5180447122213041;-0.8994912274877069;-0.2888451044188274;0.8006144201946912;0.4888716579989043;0.2348957620853791;0.7805428202205527;-0.5903000034682826;-0.10358307459082639;0.483554390631487;0.6112852861369222;0.5303151483660955;0.19714048122024042;0.651566880456939;0.20241668980140903;0.8408838294658534;0.1461439196860237;0.9155113983713998;0.5033771997064047;-0.9695453485828565;-0.9718150516799349;
nw=nw=nw=nw=

lw-lw-lw-lw-
-0.4937634895704375;-0.7964166823436258;0.5110893056662162;-0.8682688090844675;0.9210004655011144;-0.8731399350663152;-0.9586946758427506;-0.6040118708749924;0.13503605833429466;-0.02769569976062125;-0.8915317872111037;-0.9358948329688777;0.8386961669819155;-0.2606864639144626;-0.2315131964365369;
nw=nw=nw=nw=
0.5184179484244593;-0.6473059479939451;0.24904338131131643;0.7619175643435361;-0.5115004118901929;0.781574303924288;0.8964406538710081;0.6853036214353887;0.3857558625168862;0.3560753282170217;0.043371654000845306;-0.44852817990878524;-0.07345754641281665;0.9984820605187212;-0.5083230189915284;
nw=nw=nw=nw=
-0.8864532207616886;-0.3188283638002942;0.8969826921937447;0.15119522955116804;0.4993318110390541;-0.22930770959163982;0.8953508649004056;0.5513063318890983;0.7223554941956907;-0.12221312433811571;0.09620463621669062;-0.43432977578336485;0.6035645063241013;0.020494489195291177;0.1492633629049862;
nw=nw=nw=nw=
0.8011510624437084;-0.9925898495907732;-0.376073564076302;-0.6250440068457173;-0.030445446627666017;-0.8206442141769779;-0.9711032396697032;-0.4723455110848911;0.9104782903666899;-0.4306909889017041;-0.5173633549535661;-0.3605920550658206;-0.1925789043600119;0.08995633627695976;-0.3029494945718574;
nw=nw=nw=nw=

lw-lw-lw-lw-

____
-0.9753940586053116;
nb=nb=nb=nb=
0.30072877081905025;
nb=nb=nb=nb=
-0.56468563842126;
nb=nb=nb=nb=
-0.4040351742343422;
nb=nb=nb=nb=
-0.46161952101237724;
nb=nb=nb=nb=
0.19947819322389715;
nb=nb=nb=nb=
-0.23576071837943147;
nb=nb=nb=nb=
0.5123566541256352;
nb=nb=nb=nb=
-0.800656359534079;
nb=nb=nb=nb=
-0.8363448410126961;
nb=nb=nb=nb=
-0.7506926845123321;
nb=nb=nb=nb=
-0.42601357241113247;
nb=nb=nb=nb=
0.5820081089514433;
nb=nb=nb=nb=
0.031957324177807944;
nb=nb=nb=nb=
-0.29183392037421285;
nb=nb=nb=nb=

lb-lb-lb-lb-
-0.28309597761544203;
nb=nb=nb=nb=
0.48540754531453234;
nb=nb=nb=nb=
0.6847330806880338;
nb=nb=nb=nb=
0.9521097488179708;
nb=nb=nb=nb=

lb-lb-lb-lb-
