0.4135966941947533;-0.7590134948034599;-0.289267049189319;-0.9601420718407756;-0.8889018823676138;-0.08495138536944391;0.9958867527295951;0.9539131579159337;0.29727328074771076;-0.8563651405132997;0.03260321005772426;0.527848161246782;-0.5931107709673002;-0.8122736042641758;0.08991335326781047;-0.36117291972725907;0.44028190606314976;-0.13604637641532835;0.943500291418994;0.5754751930840618;-0.717137265603284;-0.5761800286315522;0.3552232045920054;0.8809736904327243;
nw=nw=nw=nw=
-0.13484505489692422;-0.6691220884430633;0.21448945964611932;0.18087549206113662;-0.3808587098108678;-0.8287323028872586;0.5419702333987504;0.3912150713814384;-0.5625628404412575;-0.014321052208432494;0.8138316383956608;-0.04763769114951111;-0.0325925839294392;-0.08745409858342068;-0.21692607979664413;0.6030914652624171;-0.41081058147758265;-0.5653988937780772;0.8519434387075957;0.2608261521430757;0.6105835690854229;0.7887037794180796;-0.22462761866570014;0.6952794673844465;
nw=nw=nw=nw=
-0.4151864780069445;0.8401607457205391;-0.19895768703108851;0.0513263447818435;0.8710539624799762;0.6198890087335787;0.4580960426176657;-0.012029578123639695;0.5611530689765842;-0.21926380131443035;0.46999490091170526;0.5940346552378533;0.517212315744483;-0.26846699901472815;0.2989502188179072;0.4577227365840313;0.945204696682344;0.7351127160200552;0.6978128366192651;-0.19332094703180358;0.07037839486000963;0.7920174866984535;-0.9304093171846115;-0.5687892869596258;
nw=nw=nw=nw=
0.9760823632305042;0.9953382043846819;0.4337169942419792;-0.09156921263014373;-0.8249482756562727;-0.9885707587772039;-0.2400320850361124;0.47817585788795314;-0.32913334775415826;0.6318524299495654;0.5268200791880566;-0.4659259362305368;0.7103355155616777;-0.5936118736378322;0.3789071201681389;0.7603487403056115;0.5694153873383163;-0.13034401978921872;0.3459426910291383;0.06161315471569573;0.4607862188852181;0.675553242507881;0.5928014521538063;-0.7366585264192964;
nw=nw=nw=nw=
-0.4401309725435891;-0.5956638722808576;0.8615196707128359;-0.0759826328230846;0.22482565008697186;-0.9034689792532;0.5628911722584888;-0.49432108859904056;0.19108984491634962;0.005906512551668186;-0.23527298596563284;0.026965895281794383;0.45858746819307417;-0.7979022830217675;-0.49701339512857357;0.15901641189537696;-0.8952991910106805;0.7718626503221251;0.46880384409248865;-0.4751902962845278;-0.7813672864052017;0.5418461745546992;0.05722699353285532;0.33553718724431625;
nw=nw=nw=nw=
-0.41680127947704904;0.8531928808441351;-0.515159623038089;-0.3138543914920342;0.001095673973735778;-0.8633628587502489;-0.42535873891434073;-0.5519449686545317;-0.5823973363048482;0.29168335575564064;0.8438480427287964;0.3469959771177069;0.3746779741944948;0.7425322024742698;-0.36228985600862096;-0.6198868890231621;-0.08514731561837507;0.897254836740073;-0.1689188103399777;-0.1312832486659159;-0.6767848210413141;0.5446363363729005;0.752583262106252;-0.3069324229604531;
nw=nw=nw=nw=
-0.05622035635170053;-0.24301623564861696;0.4309526512188775;-0.10451422800705612;-0.7384832993650272;0.5903190665894638;-0.840346201194828;-0.42974859788169995;0.8797434396322343;0.9050660386587224;-0.2813531113711092;-0.26840564185684146;0.5011598836622042;-0.4644304498638858;-0.9501050251529259;-0.6993119941793704;0.2958937250267033;-0.8195168401911941;0.09333423792397011;0.3777670683097216;-0.5827938809633508;-0.9396008076448961;0.30790116806671497;0.12836915542121918;
nw=nw=nw=nw=
0.7112515041479919;-0.7664360035767748;-0.005372033471936044;-0.7437662629805162;-0.8917000230272343;-0.39783045811504714;-0.12428752305002133;-0.2504785773222262;-0.2087305130790429;0.7652512113463215;-0.6727962899181703;-0.33704244633125646;-0.6493581622987854;-0.012356599340058283;-0.3820246516718393;-0.8479303996425218;0.06167265610533357;-0.09597735333694235;-0.8488378358215607;0.733104590645681;0.5182440613966741;0.2836978142813893;0.48273615178542495;-0.13283607296594013;
nw=nw=nw=nw=
-0.6283830390531908;0.06558298830241704;-0.2236097914195636;0.14360748784909783;0.3730003566109925;-0.5657361513114818;-0.6094978805022875;-0.6796782234291343;-0.02066563316150649;0.6674039753007994;-0.11790864828886471;-0.29970686833947213;0.9249836085603813;0.5069545493563414;0.011165447782485405;-0.692013498422414;0.6381910687676273;-0.7228608198937037;0.30054696333553066;0.9813544938393486;0.6209933735758402;0.17147777269624864;0.5438377866395976;-0.9781536328874267;
nw=nw=nw=nw=
0.876265459866747;0.3721608118150026;-0.17423314929497713;0.11210901608933499;0.01748166614285207;-0.5470650165272986;-0.800054892596697;0.08067167875536385;0.25046117225166653;0.222387094696888;-0.6249143983300856;0.4774463825663189;0.44273116113790656;-0.4930822297078328;0.4648190637123739;0.09186410748401852;-0.20532716447487198;0.4271772854670881;0.9701243990299611;-0.34435605537853653;-0.9382883441404912;0.3777727476188506;-0.8605426679026358;-0.3025819477958469;
nw=nw=nw=nw=
0.4401857718173108;-0.9582638394068752;-0.4994584831253366;0.8932141170785484;0.8942124026009082;-0.774852905013784;0.8769302800381866;-0.8876836331814815;0.4378797684708;-0.8690070866497444;0.8800367712062955;-0.7514891314558341;-0.23162845066448678;-0.290718891356081;-0.3798707596279094;-0.015955573691579072;0.8383855949416432;0.4614033496420893;0.8232543809384492;0.8956069303668108;0.4756311759472416;-0.025832954465705882;0.3670408535583025;0.06359216903111387;
nw=nw=nw=nw=
-0.6541849657576262;-0.0857110742396674;-0.1407850578161307;0.936041542182503;-0.2909804807636489;-0.7340672528856571;0.8938019493217317;0.6572204098417254;0.789967256036745;-0.614447061158401;-0.12399256212895282;0.6710894630438637;0.13694978869621144;-0.6887535736368369;0.866803122110112;0.02435795698576726;0.5812124363014526;-0.9494603907293562;0.9409908311761002;-0.06849143866480989;0.44031622175341045;0.2347474505859306;-0.10830747079657033;0.5291777188921747;
nw=nw=nw=nw=
-0.017063835578946307;0.039280923039996196;0.9781007513393016;-0.07099695795801808;0.3511819784188779;-0.46473440372631325;0.08323897329118757;0.7798099012541322;0.48182082310331786;0.062421507908499096;0.1809057908450269;-0.6233056594077404;-0.9459741251561349;-0.27725369728787386;0.4190213743023221;-0.02499021937130519;-0.11084927080801177;0.2322439120422033;0.5634785580662225;-0.046947888334949894;0.008568392992168938;-0.42576596391875454;-0.6734711115837331;-0.7113474806677902;
nw=nw=nw=nw=
-0.15063970646996916;-0.24532685228436613;-0.7185531895657025;-0.94379165887408;0.1534238359689959;0.6341076606004508;-0.7479757238165965;0.979638276727969;-0.909640163202623;0.4604296554358631;0.45444003652416676;-0.7010713424934025;0.9834227565231628;0.39577385814984867;-0.027381130962925937;-0.4367990538020179;0.8615557336286863;-0.5134288829070492;-0.4457824684413074;0.3255846487361562;-0.36180986774762824;-0.1352362257435531;-0.008198283582582455;-0.6108524338487118;
nw=nw=nw=nw=
-0.0765247180911015;0.6320283201251775;0.8280854421908419;0.6778678688543833;0.29728213202109854;0.07126467787250212;-0.7712262798505041;-0.7338357226276497;-0.5623526684908098;-0.004786557776008449;-0.48877274375716095;0.7744913738503065;-0.8096471412581805;0.584893463979957;0.9523805136939039;-0.8128686230806141;-0.49629879032772184;0.2635740999856131;0.04370649254118608;0.5874659366798836;-0.854349374461945;-0.3350583357060013;0.7365028026235916;-0.07430694155153228;
nw=nw=nw=nw=

lw-lw-lw-lw-
-0.11006776608743074;0.3038111985324825;-0.4397075194483744;0.17185979838082677;0.7430878730276771;0.8391042178529244;-0.046178301508070785;0.14521646841381664;-0.8826911640346009;0.9714952974284319;-0.34616516716694123;-0.4837700904447477;-0.9334611637589658;0.8135772772872643;-0.813676740743231;
nw=nw=nw=nw=
-0.3852742421839028;-0.48767494298245473;0.5363515457803949;0.33219467215955256;-0.9123871341848215;0.6072174195356732;-0.8053357911099286;0.893224721265008;0.9776008250436004;-0.6780011937413681;0.5105351179758424;0.10913798502645866;-0.3303895036111535;0.5712795453549322;0.184744234479167;
nw=nw=nw=nw=
-0.40166167115550344;0.33453471714597116;0.5737991233457669;-0.17555813623492567;0.745090106652033;-0.11025687097253778;-0.07552476176495615;-0.5766213376039586;0.9082148309365472;-0.7762544982974711;-0.14340125105484014;-0.7105895638470077;0.03059495673470569;-0.8982371518062324;0.3681367985766224;
nw=nw=nw=nw=
0.4061701287778581;-0.9250466833035396;0.4387814674123962;0.26575093339299993;0.6515420667553442;0.8466952623233048;0.17152712126884628;-0.09339475416295762;-0.9985123941118441;-0.9707588025717191;0.06293606851754707;0.7718089768846175;0.11423272176924604;-0.9779240783117025;-0.4503223832487149;
nw=nw=nw=nw=

lw-lw-lw-lw-

____
0.38125420724392156;
nb=nb=nb=nb=
0.28861024941259217;
nb=nb=nb=nb=
0.12999548787841797;
nb=nb=nb=nb=
-0.3848914368440697;
nb=nb=nb=nb=
0.4701883868173078;
nb=nb=nb=nb=
-0.34052000704194363;
nb=nb=nb=nb=
-0.17299673511274039;
nb=nb=nb=nb=
-0.14794645970753328;
nb=nb=nb=nb=
-0.51952122173557;
nb=nb=nb=nb=
0.5275044979103622;
nb=nb=nb=nb=
-0.7884474749874117;
nb=nb=nb=nb=
-0.4163808745018662;
nb=nb=nb=nb=
0.6462580803263815;
nb=nb=nb=nb=
0.01198040630810282;
nb=nb=nb=nb=
-0.8423911503212405;
nb=nb=nb=nb=

lb-lb-lb-lb-
-0.11459048386201154;
nb=nb=nb=nb=
0.18746288875258577;
nb=nb=nb=nb=
0.5675922056006464;
nb=nb=nb=nb=
0.45084297057909906;
nb=nb=nb=nb=

lb-lb-lb-lb-
