-0.16448002958256502;0.15368842268682315;-0.5428327165092288;-0.11884481508425004;-0.7802386898444054;0.2434784901378011;-0.9075371655980884;-0.6886599124738997;0.32844643032366716;-0.2905351171165256;0.5795912081768928;0.9343366892148797;-0.8420702027781888;0.17617722072471498;0.7425379600216684;0.8917296418383029;-0.0008440552671991064;-0.3131344954589921;-0.8107620605918713;0.2184865500291575;-0.6001117907671534;0.4988979454533635;-0.3914512158117147;0.29151568109821135;
nw=nw=nw=nw=
0.8414541776677367;-0.7553232627574427;-0.5553235460075097;-0.05797053192121404;0.5185469458511793;0.44826634646246544;0.4749893103626843;0.3030327078332946;0.19712582603396145;-0.08729856761010768;-0.14130307180515178;-0.8611482212917763;0.599850848631301;0.2348144394229006;-0.7142290262562265;0.2421068370189512;-0.9697761889415137;-0.3653174322464434;0.5473334453549008;-0.0659222342507162;-0.1274998078147278;-0.5180334519149017;0.5542711753806258;-0.5426447759966135;
nw=nw=nw=nw=
-0.052429887795629515;-0.34602781268062577;-0.2909867337429448;0.9636770915814974;0.823064603838332;-0.836381619857441;0.5972631151366414;0.5605784630520814;0.6661466999169199;-0.166933077084364;-0.6143757108513537;-0.6073647239480382;0.01846434349222492;0.5447032971560517;0.5103027293848297;0.7052815934638133;-0.1329910265072367;-0.8821314242563638;-0.433128384924824;0.17278858412749254;0.9826722522612068;-0.6977571888668237;-0.5130134668255293;-0.9535238116457361;
nw=nw=nw=nw=
0.7922966058723508;0.9899917555764737;0.6216050026395941;-0.09687079216571948;-0.7428855724853995;-0.8378910114537457;0.8899917537906996;0.9303762386968379;-0.24388527593159193;0.6318524299495654;0.5268200791880566;-0.4659259362305368;0.7103355155616777;-0.5936118736378322;0.3789071201681389;0.7603487403056115;0.5694153873383163;-0.13034401978921872;0.3459426910291383;0.06161315471569573;0.4607862188852181;0.675553242507881;0.5928014521538063;-0.7366585264192964;
nw=nw=nw=nw=
-0.4401309725435891;-0.5956638722808576;0.8615196707128359;-0.0759826328230846;0.22482565008697186;-0.9034689792532;0.5628911722584888;-0.49432108859904056;0.19108984491634962;0.005906512551668186;-0.23527298596563284;0.026965895281794383;0.45858746819307417;-0.7979022830217675;-0.49701339512857357;0.15901641189537696;-0.8952991910106805;0.7718626503221251;0.46880384409248865;-0.4751902962845278;-0.7813672864052017;0.5418461745546992;0.05722699353285532;0.33553718724431625;
nw=nw=nw=nw=
-0.41680127947704904;0.8531928808441351;-0.515159623038089;-0.3138543914920342;0.001095673973735778;-0.8633628587502489;-0.42535873891434073;-0.5519449686545317;-0.5823973363048482;0.29168335575564064;0.8438480427287964;0.3469959771177069;0.3746779741944948;0.7425322024742698;-0.36228985600862096;-0.6198868890231621;-0.08514731561837507;0.897254836740073;-0.1689188103399777;-0.1312832486659159;-0.6767848210413141;0.5446363363729005;0.752583262106252;-0.3069324229604531;
nw=nw=nw=nw=
-0.05622035635170053;-0.24301623564861696;0.4309526512188775;-0.10451422800705612;-0.7384832993650272;0.5903190665894638;-0.840346201194828;-0.42974859788169995;0.8797434396322343;0.9050660386587224;-0.2813531113711092;-0.26840564185684146;0.5011598836622042;-0.4644304498638858;0.16296278610585202;-0.6921708286557915;0.2486889399833574;-0.5169921528208721;-0.014578200864876267;-0.4524518772709052;0.5313883415508998;0.1817287584583771;-0.08337630322639922;-0.7263130522989727;
nw=nw=nw=nw=
-0.4754997532479488;0.628696419967848;-0.8945505793442226;-0.2180700224625416;0.08219137708920687;-0.5448178630146163;0.33053361571979023;0.6069794594599656;0.9440781872525414;0.5057297440340469;-0.6727962899181703;-0.33704244633125646;-0.6493581622987854;-0.012356599340058283;-0.3820246516718393;-0.8479303996425218;0.06167265610533357;-0.09597735333694235;-0.8488378358215607;0.733104590645681;0.5182440613966741;0.2836978142813893;0.48273615178542495;-0.13283607296594013;
nw=nw=nw=nw=
-0.6283830390531908;0.06558298830241704;-0.2236097914195636;0.14360748784909783;0.3730003566109925;-0.5657361513114818;-0.6094978805022875;-0.6796782234291343;-0.02066563316150649;0.6674039753007994;-0.11790864828886471;-0.29970686833947213;-0.28123045645371825;-0.36008732272489663;-0.950991321264963;0.8640246637086411;-0.015721140084149043;0.3357359415105483;0.6155885142220814;0.01690303335185872;-0.6572789100456549;-0.7820561929819498;0.26341363161385467;0.24314693887058647;
nw=nw=nw=nw=
0.9500576020241578;0.41327267209989893;0.9793393104448638;0.029916567074814937;-0.5175742133951626;0.8183948382914434;0.655196520231087;-0.31276441746315986;-0.4131539894737908;-0.07200300585860053;0.0680131571352518;-0.6110857882070884;0.5069515470922079;0.4409661647778893;0.1691636572424029;-0.1544477381439462;-0.9087376439134998;0.7848740592866756;0.3695420334849062;-0.014760239191509816;0.8541144201069109;-0.5656940166180378;0.7163302034794323;-0.8077322334667201;
nw=nw=nw=nw=
0.9519106456262472;0.8163895451913863;-0.8289973997556774;-0.6288651890410573;0.8942124026009082;-0.8249224990389725;-0.17703074839536637;-0.008865961007811007;-0.8479163818662623;0.6697247900836905;-0.8853098133484321;0.24495695373401594;0.14136911575186262;0.24083721313777628;0.7668846301904497;-0.4002785718957673;0.8617518737257126;-0.4469821425122458;0.2598544768396811;0.1408712998737187;0.6725096339963801;0.6039895106041875;-0.08667201228811416;0.0153439794915593;
nw=nw=nw=nw=
-0.2689231235682621;0.09064942853252855;-0.9020432371983123;0.5644063427549493;-0.8657092233936543;-0.9187222654470566;-0.37665074749227756;-0.47160083209668224;-0.6986558869044586;0.7844601067240238;0.6187242422181483;-0.8519002842076131;0.8419923873913393;0.07467492299932843;-0.03736348165635506;0.8802009359857053;0.32072384249881036;-0.5701956361449985;0.7204246874094717;-0.5412363672831073;0.22283316239767714;-0.5314164688577372;0.7756499859245325;0.8453203212832643;
nw=nw=nw=nw=
0.2779298525270064;-0.42627167586195513;0.13645982354716302;-0.4753596905332147;0.2675638009831305;0.31876203718556173;0.23937219761033202;0.8748180978744649;-0.7289155046832152;-0.10910121023637553;-0.2723270089804972;0.06381880350893132;-0.4849643308970959;0.6278299103467055;-0.38972686578402005;0.4221594427987678;0.9099786029813872;-0.32688406024541594;0.44655884570619864;-0.8510638311065912;0.7839327761375376;-0.8815848827541286;0.8065143002939987;0.20619838502208787;
nw=nw=nw=nw=
-0.2776264602923264;0.5649569479886751;0.7830622490452219;0.17996105187464306;-0.29857825602594446;-0.945215177038393;-0.7479757238165965;0.979638276727969;-0.909640163202623;0.4604296554358631;0.45444003652416676;-0.7010713424934025;0.9834227565231628;0.39577385814984867;-0.027381130962925937;-0.4367990538020179;0.8615557336286863;-0.5134288829070492;-0.4457824684413074;0.3255846487361562;-0.36180986774762824;-0.1352362257435531;-0.008198283582582455;-0.6108524338487118;
nw=nw=nw=nw=
-0.0765247180911015;0.6320283201251775;0.938343111826281;-0.19988119085739098;0.15054700909272234;0.40692901789402947;-0.03231357402474;-0.7360695476822863;-0.2233550948933487;-0.8999339949785579;0.0415059322373712;0.8161206078482734;0.9980223496181158;-0.5482375812343805;-0.4769653159727423;-0.6103601976631199;-0.5778165574111935;-0.5077887176586022;0.4482342322444628;0.6170012933720004;0.44866866029706465;0.24095830781131267;-0.10650436646015993;-0.9099850431053387;
nw=nw=nw=nw=

lw-lw-lw-lw-
-0.6413021935895806;0.1538551612172292;-0.4490133191306058;0.1356978818082053;-0.5840841808147264;0.044203855221707;0.9416940119728487;0.3979220194928279;-0.7774653381726189;0.6913763445305072;-0.41770058118161746;0.22551705591863147;0.23582352180056665;0.7771818728213402;0.3886913722627454;
nw=nw=nw=nw=
-0.5505214759190076;-0.48767494298245473;0.5363515457803949;0.33219467215955256;-0.9123871341848215;0.6072174195356732;-0.8053357911099286;0.893224721265008;0.9776008250436004;-0.6780011937413681;0.5105351179758424;0.10913798502645866;0.6555101941881214;0.5924425619814855;0.184744234479167;
nw=nw=nw=nw=
-0.7947336089858803;-0.33106029587448815;-0.752187944676687;-0.18692544209147566;0.5488495132021176;-0.11025687097253778;-0.07552476176495615;-0.7907459502178726;-0.7585395757488995;-0.2597103842991104;0.9267554511580844;-0.38627927195941414;0.8275270641260677;0.5257616580001991;0.909516413305155;
nw=nw=nw=nw=
0.7258686121365157;-0.08043403669684035;0.6766889577840496;0.41537567290779864;0.7559670477426359;-0.724427760817465;0.7192306866553293;-0.0026155328177130954;-0.3914865331652204;0.9146102997448418;-0.25843831498637515;-0.05282003236404287;0.22140248799331164;-0.9253974832950553;-0.31897211802357406;
nw=nw=nw=nw=

lw-lw-lw-lw-

____
0.36970319443214184;
nb=nb=nb=nb=
-0.6488607940286264;
nb=nb=nb=nb=
-0.3982388201257987;
nb=nb=nb=nb=
0.9798177046532008;
nb=nb=nb=nb=
-0.07710584345459348;
nb=nb=nb=nb=
-0.12966980778706771;
nb=nb=nb=nb=
0.5120566506010105;
nb=nb=nb=nb=
0.6153422915651083;
nb=nb=nb=nb=
-0.579028117151982;
nb=nb=nb=nb=
0.27568166477039213;
nb=nb=nb=nb=
-0.7727784315740329;
nb=nb=nb=nb=
0.7040670878936173;
nb=nb=nb=nb=
0.008204277302024332;
nb=nb=nb=nb=
0.6728224639455405;
nb=nb=nb=nb=
-0.7656295583885362;
nb=nb=nb=nb=

lb-lb-lb-lb-
-0.2523995110331818;
nb=nb=nb=nb=
-0.09701498644850126;
nb=nb=nb=nb=
0.5374215492556016;
nb=nb=nb=nb=
-0.4450351208670491;
nb=nb=nb=nb=

lb-lb-lb-lb-
