-0.8826016337359974;0.15368842268682315;-0.5428327165092288;-0.11884481508425004;-0.7802386898444054;0.2434784901378011;-0.9075371655980884;-0.6886599124738997;0.32844643032366716;-0.2905351171165256;0.5795912081768928;0.9343366892148797;-0.8420702027781888;0.17617722072471498;0.7425379600216684;0.8917296418383029;-0.0008440552671991064;-0.3131344954589921;-0.8107620605918713;0.2184865500291575;-0.6001117907671534;0.4988979454533635;-0.3914512158117147;0.29151568109821135;
nw=nw=nw=nw=
0.8414541776677367;-0.7553232627574427;-0.5553235460075097;-0.05797053192121404;0.5185469458511793;0.44826634646246544;0.4749893103626843;0.3030327078332946;-0.6193918418741746;0.31243699022442417;-0.6209883334533894;0.38217647594809057;0.599850848631301;0.2348144394229006;-0.7142290262562265;0.2421068370189512;-0.9697761889415137;-0.3653174322464434;0.5473334453549008;-0.0659222342507162;-0.1274998078147278;-0.5180334519149017;0.5542711753806258;-0.5426447759966135;
nw=nw=nw=nw=
-0.052429887795629515;-0.34602781268062577;-0.2909867337429448;0.9636770915814974;0.823064603838332;-0.836381619857441;0.5972631151366414;0.5605784630520814;0.6661466999169199;-0.166933077084364;-0.6143757108513537;-0.6073647239480382;0.01846434349222492;0.5447032971560517;0.5103027293848297;0.7052815934638133;-0.1329910265072367;-0.8821314242563638;-0.433128384924824;0.17278858412749254;0.9826722522612068;-0.6977571888668237;-0.5130134668255293;-0.9535238116457361;
nw=nw=nw=nw=
0.7922966058723508;0.9899917555764737;0.6216050026395941;-0.09687079216571948;-0.7428855724853995;-0.8378910114537457;0.8899917537906996;0.9303762386968379;-0.24388527593159193;0.6318524299495654;0.5268200791880566;-0.4659259362305368;0.7103355155616777;-0.5936118736378322;0.3789071201681389;0.7603487403056115;0.5694153873383163;-0.13034401978921872;0.3459426910291383;0.06161315471569573;0.4607862188852181;0.675553242507881;0.5928014521538063;-0.7366585264192964;
nw=nw=nw=nw=
-0.4401309725435891;-0.5956638722808576;0.8615196707128359;-0.0759826328230846;0.22482565008697186;-0.9034689792532;0.5628911722584888;-0.49432108859904056;0.19108984491634962;0.005906512551668186;-0.23527298596563284;0.026965895281794383;0.45858746819307417;-0.7979022830217675;-0.49701339512857357;0.15901641189537696;-0.8952991910106805;0.7718626503221251;0.46880384409248865;-0.4751902962845278;-0.7813672864052017;0.5418461745546992;0.05722699353285532;0.33553718724431625;
nw=nw=nw=nw=
-0.41680127947704904;0.33002548951938815;0.5087116328287082;0.35053745003759884;-0.36025701120842224;-0.8334152664845553;-0.7670101117601225;-0.6840511866364576;0.18034117181178444;0.7451643423563139;0.9935131007378823;0.5861504208102069;0.39672324522159097;-0.5230895593796177;0.7999623950495709;0.101935258786096;-0.24426875350423316;0.6078477176510948;0.9136064967188129;0.5759914802455832;0.2678678453743524;-0.7846209314389858;0.7142178060323598;-0.339722548967607;
nw=nw=nw=nw=
0.16752892637747063;-0.9196913053471247;0.4730202414091429;0.7270979635482187;-0.5076990398886161;0.1602999840537329;-0.6877658166431986;-0.5082156769933242;-0.1064409826815853;0.31167779029066733;-0.38551008683555676;0.41110460222717826;-0.04417275468260318;0.17818412963570118;-0.8169413199409454;-0.37749585315616074;0.2267828599864803;-0.9413793086169913;-0.517025822306943;0.9296778367093639;0.14344909906349157;0.2068170949172301;-0.9443171763544138;-0.35579945450186146;
nw=nw=nw=nw=
-0.47774205388018753;0.7421671224740365;-0.005372033471936044;-0.7437662629805162;-0.8917000230272343;-0.39783045811504714;0.6527814110434116;-0.4305015659575633;-0.23769689007392447;-0.6543475543122093;0.7575671821807424;-0.7724533186471827;0.2983412329556274;-0.5661239592855989;0.8282047596627196;-0.8823394598944192;0.7692306906484112;0.2191212492494048;-0.6003023875417206;-0.16296450017724062;0.4336270895794534;0.6887995575351227;0.239904720274414;-0.9340730422345414;
nw=nw=nw=nw=
0.23520070483004618;0.06503092148667045;0.8701947721442782;-0.4904293490744198;0.5973765034381839;0.42102100826753075;-0.8766598844412563;-0.17558838081753003;0.3911076027109104;0.6264175065212494;-0.7849656298470626;0.572854778619768;0.18546225958631135;-0.5954673778329727;0.4733560049669647;0.3371357823826504;-0.00403107079152365;0.8252324386691732;-0.9996759060774587;-0.6470222497021774;0.8732615896207474;-0.30483896572073377;-0.6726676072636739;-0.5883796896343716;
nw=nw=nw=nw=
-0.042949444160883976;-0.2973739667564519;0.12966466731966153;0.16756984421143484;0.9899704800579916;-0.8322175566822492;-0.05410971941014675;0.7090645251957728;0.8149071076761123;-0.29298442640864697;-0.9367015690700025;-0.04793795149764635;-0.3725677944271877;-0.8044639346612428;0.1849277147498818;0.15147120520008417;-0.26010347968024194;-0.7185399448885603;-0.9864787223059446;-0.5276207597059133;0.3118270617614307;-0.3681647762257414;0.7163302034794323;-0.8077322334667201;
nw=nw=nw=nw=
0.9519106456262472;0.8163895451913863;-0.8289973997556774;-0.6288651890410573;0.8942124026009082;-0.8249224990389725;-0.17703074839536637;-0.008865961007811007;-0.8479163818662623;0.6697247900836905;-0.8853098133484321;0.24495695373401594;0.14136911575186262;0.24083721313777628;0.7668846301904497;-0.4002785718957673;0.8617518737257126;-0.4469821425122458;0.2598544768396811;0.1408712998737187;0.6725096339963801;0.6039895106041875;-0.08667201228811416;0.0153439794915593;
nw=nw=nw=nw=
-0.2689231235682621;-0.0857110742396674;-0.1407850578161307;0.936041542182503;-0.2909804807636489;-0.7340672528856571;0.8938019493217317;0.6572204098417254;0.789967256036745;-0.614447061158401;-0.12399256212895282;0.6710894630438637;0.13694978869621144;-0.6887535736368369;0.866803122110112;0.02435795698576726;0.5812124363014526;-0.9494603907293562;0.4783269069066136;-0.5252728397778677;-0.15193599561197146;0.2347474505859306;-0.10830747079657033;0.5291777188921747;
nw=nw=nw=nw=
-0.9757436650716336;0.6322099552698308;0.4164221898894904;-0.2602832372788437;0.7987146450382545;0.31551693875135434;0.00747951867984642;0.7798099012541322;0.48182082310331786;0.062421507908499096;0.1809057908450269;-0.6233056594077404;-0.9459741251561349;-0.27725369728787386;0.4190213743023221;-0.02499021937130519;-0.11084927080801177;0.2322439120422033;0.5634785580662225;-0.046947888334949894;0.008568392992168938;-0.42576596391875454;-0.6734711115837331;-0.7113474806677902;
nw=nw=nw=nw=
-0.15063970646996916;-0.24532685228436613;-0.7185531895657025;-0.94379165887408;0.1534238359689959;0.6341076606004508;-0.7479757238165965;0.979638276727969;-0.909640163202623;0.4604296554358631;0.45444003652416676;-0.7010713424934025;0.9834227565231628;0.39577385814984867;-0.027381130962925937;-0.4367990538020179;0.8615557336286863;-0.5134288829070492;-0.4457824684413074;0.3255846487361562;-0.36180986774762824;-0.1352362257435531;-0.008198283582582455;-0.6108524338487118;
nw=nw=nw=nw=
-0.6079652964513313;-0.4885444010785116;-0.680357365987553;-0.7787664942432597;0.23295373588367485;-0.6200757433491817;0.8660175659289431;0.1744968937166511;0.43371787818192553;0.8768935103307227;-0.8029497620779198;-0.5913843881184653;0.8227715158950524;-0.5482375812343805;-0.7455935429713691;0.8322942583204065;0.1047660969388502;-0.7541907629592379;-0.031303234506165234;-0.5936198844981719;0.18061938259202615;-0.1311753386643899;0.9126102272433765;0.6874081309674716;
nw=nw=nw=nw=

lw-lw-lw-lw-
-0.21223958318880864;0.7314335768454856;0.3308488679119239;0.9222556860744835;-0.6826472335777143;-0.17360933758451091;-0.5546803102557605;-0.09485264014668848;-0.16198033129900136;0.6996583683010678;-0.0654255987296295;-0.09270303596441232;0.47153106191697947;-0.09307664969092744;-0.060412162552774706;
nw=nw=nw=nw=
-0.3852742421839028;-0.48767494298245473;0.5363515457803949;0.33219467215955256;-0.9123871341848215;0.6072174195356732;-0.8053357911099286;0.893224721265008;0.9776008250436004;-0.6780011937413681;0.5105351179758424;0.10913798502645866;0.6555101941881214;0.5924425619814855;0.184744234479167;
nw=nw=nw=nw=
-0.26958592306429985;-0.036966020694058965;0.24380503626649963;-0.30618364318496094;0.8663663662577428;0.7273898182294409;-0.0397001208249379;-0.5766213376039586;0.9082148309365472;0.10475461055024726;-0.14340125105484014;-0.7105895638470077;0.03059495673470569;-0.8982371518062324;0.3681367985766224;
nw=nw=nw=nw=
0.03187672415996645;-0.08043403669684035;0.6766889577840496;-0.21801045705653466;0.15114428182443262;0.9458299539259576;-0.950753847414824;-0.7507522619648024;0.8927383452022617;0.27891763619431864;0.06293606851754707;0.7718089768846175;0.11423272176924604;-0.9779240783117025;0.5648787650873472;
nw=nw=nw=nw=

lw-lw-lw-lw-

____
0.31273762867711197;
nb=nb=nb=nb=
-0.1738364032179438;
nb=nb=nb=nb=
0.3569814717822768;
nb=nb=nb=nb=
-0.954172307948739;
nb=nb=nb=nb=
-0.07710584345459348;
nb=nb=nb=nb=
0.10855425373927718;
nb=nb=nb=nb=
0.8829308896441961;
nb=nb=nb=nb=
-0.15502426349518683;
nb=nb=nb=nb=
-0.02783804301685522;
nb=nb=nb=nb=
-0.6176371635964073;
nb=nb=nb=nb=
0.49146498433665986;
nb=nb=nb=nb=
0.2761875273772889;
nb=nb=nb=nb=
-0.3054572650447913;
nb=nb=nb=nb=
-0.7706803474496249;
nb=nb=nb=nb=
-0.07131361068838515;
nb=nb=nb=nb=

lb-lb-lb-lb-
0.6731307445362689;
nb=nb=nb=nb=
-0.8195451362320532;
nb=nb=nb=nb=
0.25857250840875623;
nb=nb=nb=nb=
-0.872155879937083;
nb=nb=nb=nb=

lb-lb-lb-lb-
