-0.9971446821602021;-0.9829159186294811;0.20547838743125446;0.5941681625498498;-0.4160492975220953;-0.5322523752244146;-0.7486460656957978;-0.3924245698912532;0.508238856190594;-0.5736685888808477;-0.6547903126299306;-0.1543768100991454;-0.2970827859154128;-0.3742226771885171;0.7271796640143675;0.7882869683665501;-0.5303627900185472;-0.3027849785596093;0.4558811703310146;-0.2111921188019592;0.9904613770308466;-0.25732932437612543;-0.4141176815213974;-0.2814346602018529;
nw=nw=nw=nw=
-0.8280549946481675;0.24165178991875513;0.07323014289696173;0.43642340722368855;0.04667409038135517;-0.601198280063006;-0.5495053231796316;-0.7388723581732601;-0.5311757591030168;-0.7167485762747772;-0.5537189294268607;0.260754695622776;-0.5513417400018095;-0.9791617112952531;0.4038823974177561;-0.7656544477677323;0.012854411408576683;-0.7655440287501261;0.6550550561392545;-0.5281188322277643;0.4724468423923145;0.2947129544404541;-0.11686293714702067;-0.3196435097245285;
nw=nw=nw=nw=
0.8313271840267475;0.005092116369861177;-0.22543391162067716;0.42479052548341567;0.05515659237567294;0.3509274248478338;-0.8986495150671241;-0.12994680980005424;-0.7823598995140895;0.35135838179072976;0.04015537285054771;-0.9672034168298158;0.29370214863984767;0.27110130428902934;-0.5752835513325374;0.4689536691509226;-0.4670461213289465;0.5513237802384212;0.9675531480959565;0.23119221767432108;0.408260335844278;-0.9510068309418647;0.9673065523051401;-0.40859617410568827;
nw=nw=nw=nw=
-0.8757932671195341;-0.7126680324614483;0.5057330685659613;-0.7742562531288217;-0.169549675776701;0.5521277181223376;-0.672383546725263;0.6402147940278091;0.1341488126626924;-0.07206688814229878;-0.8022769775728733;0.5197979759978932;-0.7539811889887691;-0.9764657078782633;0.23639823787338532;0.44349040049935784;0.9447219217269907;-0.10512877146923105;-0.7030990903124641;-0.6168413659252348;0.22708623082402446;0.7836442680986295;0.3423758043856284;0.5654641757805565;
nw=nw=nw=nw=
0.012661837074348092;0.9135375676406179;-0.0733049965435455;-0.350002338187531;0.4041984575803115;-0.9267919717998296;0.8672456290635684;-0.9124157715001953;0.6336714894232613;0.8232278263513892;-0.49771372974618644;0.8525154386277263;-0.49396157309106914;-0.5711384451158321;0.35731872173638957;-0.8869078753376007;0.46747543501767197;0.9278581401441226;0.08847847187218338;0.7033873957592229;0.7491450695985693;-0.44451479237435;0.4444395554753682;-0.9737949338653547;
nw=nw=nw=nw=
0.5479162726228883;-0.8967551023214217;0.7330765072656495;0.42145859225523763;-0.8493129561997219;-0.8819000180298002;-0.008286438646761818;-0.6397683754442574;0.6959425912071735;0.6894917375232319;0.768175224528499;-0.17148640450461894;-0.8237153285280412;-0.7180561599693893;0.3966670453574068;-0.28896744759792314;-0.12843382234028033;-0.5708114711880703;-0.7211865047356643;0.9411712839031854;-0.42902742959467965;-0.4988549715856341;0.8179279417680623;0.000709318201894904;
nw=nw=nw=nw=
0.9634403060100327;0.21805859921287696;0.4376758173809676;-0.5994845142553789;-0.5201084941277427;0.58531434770416;0.7442449638349984;-0.7193926435048565;0.04888881348529961;0.6770629815314497;-0.5811058357467223;0.15752652099634457;-0.43887879241700367;-0.8401876493018898;-0.07606303527642999;-0.8808944581390421;-0.018586144876999056;-0.3564516797856516;-0.26139967353755345;0.5329572570436252;0.016707045355003114;-0.22708352790696895;-0.4866909552255001;0.4733112168733846;
nw=nw=nw=nw=
0.8294738024181554;0.23440989132079815;-0.5231282917160822;-0.23553161371364095;-0.24057021032568748;0.9805623699113346;0.044004909602762154;0.008111810818245635;-0.9066229016460168;0.3401670191374908;-0.5536342315543972;0.03640970610019334;0.8068157858793426;-0.5120039276947299;-0.4021473748829236;-0.17927987806370504;-0.538565769491584;0.7733629588303585;0.879912585610076;-0.35679696578887277;-0.7919426715006732;0.8302471501179651;-0.2155653636574686;0.591968070868852;
nw=nw=nw=nw=
-0.3857772244206894;-0.5757625897041427;-0.4325892494016945;-0.6254903528837064;-0.22648236735805027;0.19158256939657292;0.6685791144145996;0.5322600167986054;-0.7385538616263476;0.18413390038575517;-0.11723778155131614;0.661873116843325;0.2036017732720452;0.21850058022835683;0.5146802698471771;-0.12130102508739427;0.767972847400793;-0.49193165677930484;-0.2589699073531977;0.428326684759885;0.4804523502767557;0.3059756869621404;0.017239384916537093;0.20792376466603835;
nw=nw=nw=nw=
0.20650162365396096;0.09267823358187921;-0.6901844191785347;0.18467425401816562;0.7234173688749577;-0.5570427328079106;-0.13863942759871484;-0.592020582281539;0.543058879267754;-0.29018443986975107;0.15305846189253436;-0.7230028577643715;0.8163739520570625;-0.5034289142400057;0.22350766575969683;0.18623550789644727;0.8462586614172525;-0.9030988058001099;0.7918366116194846;0.8702812641692936;0.5889686320519716;0.043702885691558224;-0.5106529628736722;0.3567512998251481;
nw=nw=nw=nw=
-0.46546132148620734;0.9257535534984991;-0.822005479910239;-0.5097960547951488;0.275165898103944;-0.9485760843647828;-0.17648599268097542;-0.9369072485442327;-0.9979492410678932;0.4044011305874837;-0.9289540321414673;-0.72596391846802;-0.27723234526728;-0.6009773343027895;-0.13959086082297634;-0.2928619416895042;0.08503397988874761;0.9597174840941836;-0.9457609624518235;-0.8070217020853281;0.8285949896088207;-0.944701033817611;0.846438247844796;0.05063442215120206;
nw=nw=nw=nw=
0.7808864242273521;-0.04244293842045277;0.45653921636568073;0.8407598947473203;0.5451608334368587;0.8189440062955613;-0.4035616032715639;-0.14895617503372138;0.9903413882310306;-0.9526040482649283;-0.11831080075053735;-0.05112678597489295;-0.6465131208396504;0.6832483726773242;0.689661503463411;0.25497677372104244;0.30750170042213654;-0.5374408381552664;0.4828606685716246;-0.8193234379461436;0.8958952885290599;-0.49125451598535563;-0.13150811505700877;-0.3105727740217068;
nw=nw=nw=nw=
-0.9526629188429574;0.24684133378339101;-0.6451964693542684;-0.39181159698353407;0.6772812452806314;0.7157231748809305;0.8736421026073922;0.8075182527486746;0.8818504861948768;0.15639699313367306;-0.46883475336888436;0.9491547984947111;0.9838516288825332;-0.10652067322030767;0.1865394876876112;0.34098079640386114;-0.13990982882504466;-0.7749747817194539;0.36516379868975046;0.9866252815394383;0.33941394355847043;-0.4513227467502876;-0.7591639431624138;-0.9157325363742348;
nw=nw=nw=nw=
0.5253829293695709;0.08058910705497868;-0.6766777385138509;0.6200443570888716;-0.23963392366034486;0.9176431101161575;-0.15644274305103512;-0.011936807224414592;0.15161293352211125;0.7021890791553991;0.48228997581939725;0.1974706683176295;0.6586871831671028;0.09753011312190574;0.5129915905970754;0.5369428054048271;-0.5670177917671564;-0.8330131484866716;0.24293916291606688;0.457164759701705;0.9765980198273139;0.5953099267129469;0.3628754637268119;-0.06303719198827462;
nw=nw=nw=nw=
0.9174389312056519;0.9904376944710322;0.48934548783535714;0.9440661058973809;0.7331394022148621;0.08608325141938833;0.9358357106005646;0.8335549031124969;-0.9155245450917218;-0.5384377003870122;0.4231058610877343;-0.37658519524645295;-0.47098848494898937;-0.4394145343826821;0.9904752348100319;-0.15757713250869454;-0.9073731599700068;-0.5415442813178668;-0.34033515115179047;-0.08946511052202388;0.09792435674041777;0.6943272472353448;0.6589463792736012;0.24410709061959213;
nw=nw=nw=nw=

lw-lw-lw-lw-
-0.21116905794691787;0.41360579236179396;-0.2052656205358685;0.11183339428510286;-0.07709348465041499;-0.9660022821501915;-0.18870093416624178;-0.4844547999776809;-0.5574371244365894;0.8972816421008514;0.7563777663225262;0.6334828727522597;0.5820024288480488;-0.5524227183500756;0.7520809721097823;
nw=nw=nw=nw=
0.0662966728241754;-0.475041131203392;0.6513029119860889;0.005569763631354752;-0.08413881349911567;0.2661878891258027;0.1530821793517414;0.621074720349374;0.7456706229536025;-0.40409227083492305;-0.37498218512420145;0.7852512218256471;-0.21920119896115686;0.03873652925376314;-0.21816965112034326;
nw=nw=nw=nw=
0.2603777455521896;-0.9786906128966384;0.0024203978692995953;0.7148831593304439;0.892013056446135;-0.4334646731605283;0.8724198041715412;-0.7453204358471233;0.03784322430103715;0.8688004540511887;0.8540610075364998;0.10635490141328163;0.9332644816003175;-0.024775086176435313;0.7430977270870438;
nw=nw=nw=nw=
-0.9283242996542833;0.9634287502555743;-0.1627532030026022;0.20828261045425434;-0.09885862809445012;0.9731488686698004;-0.10126151015618134;0.531876889085642;-0.3527522061013406;-0.9290381922621234;0.6189128902333836;0.6700369904463084;0.9731240891960542;0.49863571281711283;0.16610713971139845;
nw=nw=nw=nw=

lw-lw-lw-lw-

____
0.3795751996100649;
nb=nb=nb=nb=
0.19811281586707552;
nb=nb=nb=nb=
-0.17098728868703206;
nb=nb=nb=nb=
-0.8812970199043217;
nb=nb=nb=nb=
-0.3904816261242001;
nb=nb=nb=nb=
0.6372968907917316;
nb=nb=nb=nb=
0.6484421314311919;
nb=nb=nb=nb=
0.8069896127183198;
nb=nb=nb=nb=
-0.1769635411457704;
nb=nb=nb=nb=
-0.8152721108498417;
nb=nb=nb=nb=
-0.8267664590749704;
nb=nb=nb=nb=
0.7926790746789389;
nb=nb=nb=nb=
-0.2772790530277611;
nb=nb=nb=nb=
-0.42485872078542486;
nb=nb=nb=nb=
-0.8298512252475954;
nb=nb=nb=nb=

lb-lb-lb-lb-
0.15258419922127908;
nb=nb=nb=nb=
-0.7197180383841961;
nb=nb=nb=nb=
-0.41595533975041676;
nb=nb=nb=nb=
0.16907744246383816;
nb=nb=nb=nb=

lb-lb-lb-lb-
