0.6103071620202918;0.3639863386703994;-0.46147051957990026;0.36611260822501923;-0.10740652695934871;-0.9436004151787509;0.954938547316972;0.2627081846871777;-0.43931995493344855;-0.2339790175081451;-0.7322713257095774;-0.04499031080152616;0.2784486228470011;-0.6859662913814686;-0.9272250055965232;-0.5149582224464491;-0.6618430181866792;-0.8939118565302859;-0.9406169227483925;-0.3923872738987526;-0.10170222044494936;-0.5003291099183245;-0.6928365068382296;-0.271832112110149;
nw=nw=nw=nw=
0.8983130341789598;0.23307995453640618;0.7622278745870987;0.870963507482891;-0.6069965463683415;-0.9318154459137955;0.5358243443484594;-0.8795414922885723;0.9458401799612755;-0.012482867365889438;-0.992747308863194;0.25504608128041695;0.790800791234642;0.2767034956033312;-0.6409622666836268;-0.9571120946282261;0.9694735500684835;-0.5433018239808136;0.19954217309050648;-0.17958215576615322;-0.2627770384025594;-0.1532541592599319;0.38264445828750704;0.9288715583208966;
nw=nw=nw=nw=
-0.785131240923437;0.7273028565729285;-0.9502774528549889;0.7674181123833008;0.8307681827403959;0.9582785486272076;-0.7011764003474812;0.8115870267887655;0.6723809750640781;-0.06546476235919507;0.8784423305890368;-0.06058775162886687;-0.6074467456289236;-0.8136092377061195;0.17816035272538566;-0.9370348470030547;-0.22270580079568858;-0.7339433985681529;-0.8616894933113455;-0.6802381909243567;0.5836851618876016;0.14646876947985477;0.0937920445954552;-0.5079535429652373;
nw=nw=nw=nw=
0.22923503528803346;-0.410508112180183;-0.09370173942554838;-0.8134160319665467;0.8055050169557101;-0.5196990013518406;0.421175866815501;0.39345846120298167;-0.7742485169365074;-0.39964799887004987;-0.8520509667719511;0.17825897151177528;-0.9845674226392287;0.6581222218908072;0.09771361765256747;0.04580363068657811;0.6242336131551278;-0.9183258431622219;0.23937123157889917;0.2670396314507466;0.6937334345260395;-0.6455821416972709;0.5410122249379394;-0.627852616226193;
nw=nw=nw=nw=
0.7133069017790883;-0.17911574075537917;0.599880570338027;-0.4983224104761923;-0.6624992742829909;0.7100780243173055;-0.4524031261844961;-0.43792960382209034;-0.7404328023759079;-0.5784906111705954;-0.8650696204510073;-0.4023255802004957;0.5853873461225494;0.6746799142276281;-0.6641806474494716;0.2259833965050977;-0.9100721599244481;0.7868814088388669;0.3292617541411613;0.3132822351048363;-0.23269431955022957;-0.934496326621088;-0.049893273731487886;-0.7033652219375217;
nw=nw=nw=nw=
0.911433804241591;-0.9281389527812227;0.15999503605567855;0.8646440735821079;0.24983587641520377;0.7902844405173075;-0.1850950194514822;-0.30903585070634576;-0.9065617406369464;-0.9261035546007415;-0.6311808450519494;0.041135258415018194;-0.0882097946279885;-0.26400440496978117;-0.30899956166130393;0.5118353317685824;0.2501520513973936;0.8660329260528994;-0.6275994199363766;0.34401957121269366;0.7744033994418589;-0.6764184455003486;0.46968956196814826;-0.5237067156409774;
nw=nw=nw=nw=
0.4943213615393416;0.6768167495262689;-0.12976144664340383;0.8395380521563189;0.6666420535535942;-0.5123557218817558;-0.4580508372161327;-0.7827400240523257;0.9377378803760408;0.022034722440035237;0.19641732159867042;0.7969544871035739;0.6387342959030382;-0.7748240610269148;0.3625544446742148;0.14604569205121343;-0.9544978183095547;-0.525354485920178;0.2641783415223702;0.7203476690313528;0.6427843060650422;0.6542821433305754;-0.8848748704571785;-0.7038858526152276;
nw=nw=nw=nw=
0.8651264883443599;0.778928159569833;0.8573258708339808;-0.03088598630052597;0.43104058952010194;0.788584887222052;0.36028449692729114;0.5714485476778555;0.5710148353701305;-0.18379784294909873;-0.9664095809294722;-0.8878108567840892;-0.19400511616756466;0.7011844927740316;0.37112389226354314;0.9772391093230954;-0.9099319705862463;0.34637829984078805;0.16730708674756145;0.42843342743273416;0.5136114259505853;-0.9021062464544638;-0.037241439221923356;-0.7880485683698135;
nw=nw=nw=nw=
-0.015631773093723655;0.8389798156708281;-0.6894442653317636;0.532400164963091;-0.5433383361826387;0.46751069365503106;-0.6532666258640356;0.9123389564282562;-0.8881187083878084;-0.7129603894832346;0.17195746271133716;-0.41701014719267304;0.38563959237565926;-0.07000351994172949;-0.8620556834872659;-0.28409479302462715;-0.19699927850843357;-0.3837250614592851;0.1312099767636694;-0.6439897883577881;0.2303391395249914;0.3059577943091829;0.9809835444509025;-0.7119394231816865;
nw=nw=nw=nw=
-0.9721628606864059;0.4276507911533991;-0.748260550083232;0.12395900653079384;0.19911859946207988;0.5331449825574006;-0.20456621466815972;-0.4535285312740971;-0.4845112147619446;0.8413948697704834;0.22426362914064368;0.6751429262483566;0.6181446603809768;0.6283784910339221;-0.6503391083386245;-0.7799762738060734;0.5926178693748252;0.8476432062218651;-0.1048637011048883;0.10385091462071183;0.8484252008427917;-0.10610797905719971;-0.5349954820581351;-0.9096260389860051;
nw=nw=nw=nw=
0.466282796865924;0.7117140210514028;0.8644262866618;-0.6964776981480352;0.7156412165923509;0.09745426225017328;0.3249807202934585;-0.8205272116180207;-0.5687522378459839;0.71166433249425;-0.7078669759274092;0.28592454111024335;0.869140372888004;-0.31373469125413633;0.4033314642359753;-0.7497254045232944;-0.5156742049270251;-0.4211023160773417;-0.829378568954918;-0.7137408848866351;-0.8482199069820067;0.956579883356149;-0.016821824875811853;-0.0386918563659715;
nw=nw=nw=nw=
0.510928905013083;0.508861352385358;0.7100792923922201;-0.23406744965780035;0.7515151649682403;0.8921727932679624;-0.7411926396459878;-0.6309838800238996;0.6099808996360654;0.9016350302145446;0.6997879414597163;0.893345117059444;-0.8884231986881843;-0.3919628948428362;0.5232617480621753;-0.49728318774779723;-0.6583574692315581;0.4921342752584692;-0.7636373987175844;0.372777032104153;-0.07226550326092496;0.061493063853518715;0.35056835162202415;-0.11848610087065947;
nw=nw=nw=nw=
-0.5934192089288293;-0.7203667557275379;0.9893385508429604;0.7650622728262346;-0.7587466502268285;0.6685557217784284;-0.5056781322343331;0.4321402390130764;-0.7749884891108756;-0.6942579216420874;-0.5183496580229376;-0.7319581751373241;0.28645257509100097;-0.1942116735462458;0.827536930938622;-0.65828236325313;-0.518271404400529;0.27437186845056316;-0.9725205609555101;0.4990579680562335;0.7821753752329914;-0.4885007432138606;-0.5806953274359883;-0.249941730801726;
nw=nw=nw=nw=
-0.9055795413760699;-0.49545966905873984;-0.7891237807182012;0.4501686550810695;-0.247715343379447;-0.9722879427823357;0.06713029837164619;0.36763578317440837;-0.42356245309253726;-0.2042807655265213;0.3519822428905415;-0.5323332528309865;-0.3835228094596863;-0.4566546615497231;-0.17692819334526;-0.5179832710024901;0.7109549569535158;-0.04834385791665019;-0.865680927017269;-0.22900336214374795;0.5261036178863798;0.10092943891569717;0.22676793303098575;-0.1730158384507161;
nw=nw=nw=nw=
0.24354453788785335;-0.040895534097557196;0.7832899971618312;0.7037288473920316;0.07208472193602522;-0.1579316272553526;-0.5401419190170837;0.3948917986537037;0.14151429477094024;0.5617392194037134;-0.5483702745524375;0.7319062491024311;0.848445108508187;0.17106303220428498;-0.6592741205986743;-0.3612574631283696;0.09753566686891468;0.7498942956306689;-0.6603684916247785;-0.2189480438051672;-0.3997479259911021;0.7249185613768334;0.6889477463631382;0.3494294856218212;
nw=nw=nw=nw=

lw-lw-lw-lw-
0.26961107739176193;-0.9415882722993205;-0.5960208548020403;0.41232703348824673;0.9007053993283507;0.07654335854763716;-0.9985739096040533;-0.6240609274081077;-0.6308161955035272;-0.7711771374751151;0.8683011112023746;-0.8782354926096474;0.15718243392839182;-0.5321291072851273;0.9557025835058204;
nw=nw=nw=nw=
0.46110892269334336;0.7039570335370995;0.32068318241133986;0.3580940224648652;-0.2744681132449316;0.7068808439032113;-0.49219217156356354;0.977797357886538;-0.8483492761274052;-0.9102638686073647;-0.4205106516365513;0.16774696995631233;0.5638307316463631;-0.31338928231080243;0.9972973188140726;
nw=nw=nw=nw=
0.7281815353849601;0.5616664085054486;-0.33517032767516275;0.6316612915123911;0.18085706181436723;-0.9470687425823485;-0.2313138486789763;-0.314424988978963;0.5971700462133704;0.10202351604711057;-0.38098026798564777;0.8791849501488911;0.6587921167146547;0.020494489195291177;0.1492633629049862;
nw=nw=nw=nw=
0.6798304232429935;-0.8550441348482383;-0.27417708139053;-0.2520089574766462;-0.7632734167989044;-0.7918175092989548;0.79700702002379;0.20630222893976136;0.7663761930313469;0.34629715465753264;-0.5173633549535661;-0.351797892432955;0.31664032563459865;-0.27753604438399004;0.12149050187197785;
nw=nw=nw=nw=

lw-lw-lw-lw-

____
0.5596369813587547;
nb=nb=nb=nb=
-0.9747491380902986;
nb=nb=nb=nb=
0.1774114513642051;
nb=nb=nb=nb=
-0.33858365737340845;
nb=nb=nb=nb=
-0.5001538381318178;
nb=nb=nb=nb=
-0.6080223314861539;
nb=nb=nb=nb=
-0.6422334469170377;
nb=nb=nb=nb=
-0.0478960871919516;
nb=nb=nb=nb=
0.37332793485320215;
nb=nb=nb=nb=
0.11511865646469155;
nb=nb=nb=nb=
0.6510945741830483;
nb=nb=nb=nb=
-0.45410694849050626;
nb=nb=nb=nb=
0.09706049462490474;
nb=nb=nb=nb=
-0.5563665629757726;
nb=nb=nb=nb=
-0.38113275793109924;
nb=nb=nb=nb=

lb-lb-lb-lb-
-0.8119317043955727;
nb=nb=nb=nb=
-0.15239533257645466;
nb=nb=nb=nb=
-0.7651610489705021;
nb=nb=nb=nb=
-0.5884758427943315;
nb=nb=nb=nb=

lb-lb-lb-lb-
