-0.25446250442828244;-0.6564460319277949;0.1279336865390528;-0.7563821822756869;-0.5594282659389058;0.24093239138727474;0.13097350263332252;-0.6947570472570004;0.6024804748975201;0.9207408458260089;-0.8527185274093911;-0.08786897215266554;-0.6587883580731346;-0.2045383020878977;-0.6815903406287518;-0.19053182425840198;-0.5485255661109654;-0.14695014789453453;0.3553572917911465;0.16495777131019085;-0.8279730107819017;-0.279980645507359;0.6744567549785083;-0.6582891651584979;
nw=nw=nw=nw=
0.2203747157118583;0.696554935345048;-0.05819048922305847;-0.8486435447745015;-0.6482689532722237;-0.07975522862192008;0.9112906567978807;0.2695302948634577;0.9822995920023494;-0.23056124851387283;-0.21776187221564802;-0.5590619234961685;0.5485544296311098;0.18303073368012268;-0.07601173484607648;0.4065624420608669;0.621560606617287;-0.4244421980277857;-0.2960520432501861;0.9064635029509776;0.1977338810114213;0.09106451358216927;0.15137776360118171;-0.41301278337875647;
nw=nw=nw=nw=
0.5592388573242264;0.4167590486887154;-0.3534299203227822;-0.07984246760755376;0.8596278963289878;0.3193954204778131;-0.004184321021411419;-0.7347451172429595;-0.40300209488076644;-0.8728783981157622;0.7577930906048955;0.35042752450021486;0.5959167248707404;-0.27714766124755696;0.6819816795709028;0.2517449756063066;-0.7180178647340878;0.4460551910962838;0.9283287084506688;0.820136495127642;0.34335771111780544;-0.25043810567150193;0.8631502447889294;-0.5829152226289442;
nw=nw=nw=nw=
-0.77441296441972;0.04767002166993173;0.8868627913198801;0.968641469526955;-0.3381844787615187;-0.04000329688030679;-0.5734272812488086;-0.2925773190941827;0.47084119552008374;0.6439300344314238;-0.005883897376914193;-0.39531147999902605;0.31594074925275684;0.4045054372765311;-0.8561155385280388;-0.460785340896962;-0.06426820015402934;0.6814571043023356;0.9484292180049512;-0.6839686407295074;-0.32346083713154705;-0.854243709199958;-0.3192531169150816;0.6740661167616817;
nw=nw=nw=nw=
0.9294770962747709;0.4065271724581532;0.17648412886838738;0.15738080547385547;0.6634438739759954;0.039998968096619514;0.8024322552398735;-0.7514125075005316;0.2678722618915481;0.4726423854419368;0.7658615775319773;0.42424075499816194;-0.777172179808914;-0.1420196069919306;-0.41561381429264466;0.4400395598342506;0.48212950023904977;-0.9857066325079282;-0.4081246414600763;0.04160343521156018;-0.7423652839947601;0.8343873597012978;0.9834567296134087;0.6496827548387605;
nw=nw=nw=nw=
-0.032482801796386074;-0.5787059404774313;0.14905027833681772;0.47511022609382225;-0.08512708502470034;-0.9280103965133273;0.27208134110850635;0.31188755685410885;-0.7284062953387354;0.9380759511537515;0.15340915260199361;-0.19936727721802927;-0.2501262450460484;-0.5507511721299869;-0.021866103573444207;-0.23815071902213925;-0.24999007400689455;-0.14937548640693055;0.585986889435363;-0.32710406844326556;-0.033530386522629296;0.017380246136559974;0.8737074031802059;0.8484870773455964;
nw=nw=nw=nw=
-0.6044678871862172;-0.8142266584528692;0.7692403253385534;0.7668450570848868;0.04786833075016639;-0.32531450450662813;0.45088321177284163;0.9350046182455647;-0.0907499484287062;-0.8248232557971078;0.48067196632848597;0.6368781662425591;-0.1657492363478157;0.8361193184237379;0.7075303818496581;-0.8305744836959146;-0.7570524700726136;-0.4480439016106639;-0.2114277938806921;-0.052764820512772426;0.9874669318948954;-0.08594369149733971;-0.18085168294099163;0.06024821602339836;
nw=nw=nw=nw=
0.18475390277286152;0.9578251252951384;-0.2061866547897515;0.5798815202570466;-0.33180296418318034;0.778016162602805;-0.052776849669214476;-0.10548707687798808;-0.9792452601223576;0.6426396553243188;0.7765332446828923;-0.7882694703384072;0.4837499305576889;0.5235495645167478;-0.769601049598845;-0.3746513783290617;-0.47421208857720853;0.757803254560651;-0.5744454302875073;0.10513849052918323;-0.954071737119496;-0.8898489677346846;0.9093666266307441;0.357298813168877;
nw=nw=nw=nw=
-0.8947240494095523;-0.9481174924105444;-0.01524421090321093;-0.16851957311133603;0.08201975319941845;-0.6289175152389006;-0.9233861975021043;0.18180855819170794;-0.8497890246196629;-0.7784118467862053;0.15531352994923608;-0.5276904899239372;-0.6322772721789325;-0.5847727509744765;0.8218686653765186;-0.14156855351096875;-0.005895019907730781;-0.4341340290072182;-0.27378125706403633;0.9536848090302612;-0.8942135397470379;0.07905332454339087;0.3213738949356848;-0.23722057423459142;
nw=nw=nw=nw=
-0.5133092863734581;0.42532009170053486;0.9235631197043517;0.8818995083658336;-0.16139916011229083;0.578410711632547;0.04326428464242871;-0.38239782688362434;0.16054932312081238;0.9972377539679045;-0.002972061782830826;-0.6708086199716663;-0.8517459653913464;0.4515171183952411;-0.4869015245468473;0.1533802138184983;-0.1511331911350804;-0.4961762359239761;-0.7913757455591073;0.4088380526522122;-0.1809072087261181;0.01834159588421258;0.6613390625537305;-0.9969490805846364;
nw=nw=nw=nw=
0.04306209262145466;-0.6730791733976746;0.5884699433716818;-0.2978102134214362;0.5684696307921573;0.6263990483425077;0.1470749169477319;-0.5491099252006131;0.8782865019330375;0.7686661230830316;0.6816961780176862;-0.9338160350418021;-0.18276254933817193;0.5803361063259793;-0.6696389372242719;0.9540090769726446;-0.8080004465285091;-0.7485726659731351;-0.09120056051998726;-0.16680625230546742;0.027635402535476583;-0.8778343201685228;0.2017636140447714;0.7231005259358709;
nw=nw=nw=nw=
0.7337332131095835;0.8510357609714736;0.897719376136072;0.27210504657963974;-0.0026821821478790753;0.35979491795995644;0.5269115307352723;0.9996463687458104;0.16534257375458172;0.11988460112283894;-0.8948257203625101;0.31117098818155453;-0.4365607563678484;0.4586998450862241;-0.7948446397125508;0.9680684273188187;0.5699118481181971;0.3641595881601789;0.26412251207101645;-0.3219714037877879;-0.6988061466969255;-0.07462559423231618;-0.4169865844582341;-0.5807018761510307;
nw=nw=nw=nw=
0.08690921933294682;-0.3928919402672082;0.6357465220437195;0.12349890976321398;0.7177108542359119;0.8987667957672685;-0.30275881115989134;0.4971232619814152;0.957594078859167;-0.6397752444781613;0.9436354068902779;-0.2863159888837006;0.6575288477238721;0.6350382211850487;-0.9102704735978517;0.8879097330774044;-0.2948695352017068;-0.07368362369842019;0.206057062730578;0.07958913480588592;-0.09517087689409798;0.5690506132651221;-0.8225729182750574;0.5961129685787736;
nw=nw=nw=nw=
0.5555125179275258;-0.5325983051023442;-0.16845341313187734;0.28758322232773215;-0.03919637802435094;0.38428202794398714;-0.8641911823613022;0.34306175605744915;0.38669318033176525;-0.5100659602116968;0.652366973780738;-0.36708703395310116;-0.2541175493468568;-0.2603477609122393;-0.016574171502003354;0.6222122564602288;0.7888183023441722;-0.3185062022252585;-0.6495408891564547;-0.3272963059949463;-0.924566801227588;-0.9282748996504098;-0.6560420289476483;-0.9263654210781314;
nw=nw=nw=nw=
-0.11754582963727112;-0.25592385624252545;0.0872871906296977;0.45617433275163477;-0.6298144121096714;-0.9747544892211171;0.6832917739386828;0.43976331828214255;-0.05169456055858501;-0.5354901103451852;-0.5748169857506229;-0.001924615538155594;-0.8465459757325853;0.7950137804883575;0.02899222295501991;-0.4150325600035598;-0.11200067263098656;0.29826239441761815;0.7687332738586468;-0.35656516627074675;0.8280469269069282;-0.23717561738719128;-0.05153946584976632;-0.7553706284329789;
nw=nw=nw=nw=

lw-lw-lw-lw-
0.26188873587572936;-0.7636925438723139;0.9096576616629501;-0.12776057605856672;-0.4004902988923438;0.02149495052901873;-0.31462725929346425;0.7415014588439799;0.8640289301867439;-0.5903456469439576;-0.04195245385028068;0.522292599950307;0.4405427817990639;0.07536211013991378;-0.6015102246968103;
nw=nw=nw=nw=
-0.41403539491820074;0.1893317115640778;-0.33214422545150124;0.16242980629162163;0.23044369443749235;0.9289617866781572;0.1640507309257917;-0.7059164881029618;0.5947809166846636;0.667088893914449;-0.8690710677295479;0.669849732539687;0.9339459382467281;0.23692597191754183;0.6902411852065677;
nw=nw=nw=nw=
-0.7791415395036692;-0.7582730728148563;0.12921445237717655;0.8819258913464996;0.26927243863259553;0.35253728213226254;0.18031479169970566;0.09975990710700988;-0.36419571675113516;-0.13037470031346343;0.13452492480272804;-0.6198288942393853;0.08633016590757392;0.11847148641201821;0.7793444293627021;
nw=nw=nw=nw=
-0.44096004078780604;-0.45701567207327054;0.7326350707429534;0.46702388432113606;-0.7860805511779168;-0.09853885763744463;-0.708094584933749;-0.009247798834783882;-0.6254935291808561;0.40179148087850924;0.6964591025798255;0.9462360458290271;-0.29662639725293105;-0.3042967568329138;0.42229531196563297;
nw=nw=nw=nw=

lw-lw-lw-lw-

____
0.03133215125004618;
nb=nb=nb=nb=
-0.020475302648899518;
nb=nb=nb=nb=
0.22274947002132306;
nb=nb=nb=nb=
-0.6003212394296831;
nb=nb=nb=nb=
0.9687072301587301;
nb=nb=nb=nb=
-0.8839784377496396;
nb=nb=nb=nb=
-0.6902550834808294;
nb=nb=nb=nb=
0.14066454456998057;
nb=nb=nb=nb=
-0.47275645698003954;
nb=nb=nb=nb=
-0.7932218063693617;
nb=nb=nb=nb=
0.8434601545346316;
nb=nb=nb=nb=
-0.9053837878344133;
nb=nb=nb=nb=
-0.07825178926664167;
nb=nb=nb=nb=
0.3924147694730862;
nb=nb=nb=nb=
0.5123634768753087;
nb=nb=nb=nb=

lb-lb-lb-lb-
0.7735887364474041;
nb=nb=nb=nb=
0.5922193921594667;
nb=nb=nb=nb=
0.8724917497467832;
nb=nb=nb=nb=
0.4988732932064608;
nb=nb=nb=nb=

lb-lb-lb-lb-
