-0.16448002958256502;0.15368842268682315;-0.5428327165092288;-0.11884481508425004;-0.7802386898444054;0.2434784901378011;-0.9075371655980884;-0.6886599124738997;0.32844643032366716;-0.2905351171165256;0.5795912081768928;0.9343366892148797;-0.8420702027781888;0.17617722072471498;0.7425379600216684;0.8917296418383029;-0.0008440552671991064;-0.3131344954589921;-0.8107620605918713;0.2184865500291575;-0.6001117907671534;0.4988979454533635;-0.3914512158117147;0.29151568109821135;
nw=nw=nw=nw=
0.8414541776677367;-0.7553232627574427;-0.5553235460075097;-0.05797053192121404;0.5185469458511793;0.44826634646246544;0.4749893103626843;0.3030327078332946;0.19712582603396145;-0.08729856761010768;-0.14130307180515178;-0.8611482212917763;0.599850848631301;0.2348144394229006;-0.7142290262562265;0.2421068370189512;-0.9697761889415137;-0.3653174322464434;0.5473334453549008;-0.0659222342507162;-0.1274998078147278;-0.5180334519149017;0.5542711753806258;-0.5426447759966135;
nw=nw=nw=nw=
-0.052429887795629515;-0.34602781268062577;-0.2909867337429448;0.9636770915814974;0.823064603838332;-0.836381619857441;0.5972631151366414;0.5605784630520814;0.6661466999169199;-0.166933077084364;-0.6143757108513537;-0.6073647239480382;0.01846434349222492;0.5447032971560517;0.5103027293848297;0.7052815934638133;-0.1329910265072367;-0.8821314242563638;-0.433128384924824;0.17278858412749254;0.9826722522612068;-0.6977571888668237;-0.5130134668255293;-0.9535238116457361;
nw=nw=nw=nw=
0.7922966058723508;0.9899917555764737;0.6216050026395941;-0.09687079216571948;-0.7428855724853995;-0.8378910114537457;0.8899917537906996;0.9303762386968379;-0.24388527593159193;0.6318524299495654;0.5268200791880566;-0.4659259362305368;0.7103355155616777;-0.5936118736378322;0.3789071201681389;0.7603487403056115;0.5694153873383163;-0.13034401978921872;0.3459426910291383;0.06161315471569573;0.4607862188852181;0.675553242507881;0.5928014521538063;-0.7366585264192964;
nw=nw=nw=nw=
-0.4401309725435891;-0.5956638722808576;0.8615196707128359;-0.0759826328230846;0.22482565008697186;-0.9034689792532;0.5628911722584888;-0.49432108859904056;0.19108984491634962;0.005906512551668186;-0.23527298596563284;0.026965895281794383;0.45858746819307417;-0.7979022830217675;-0.49701339512857357;0.15901641189537696;-0.8952991910106805;0.7718626503221251;0.46880384409248865;-0.4751902962845278;-0.7813672864052017;0.5418461745546992;0.05722699353285532;0.33553718724431625;
nw=nw=nw=nw=
0.060694944091162606;0.33002548951938815;0.5087116328287082;0.35053745003759884;-0.36025701120842224;-0.8334152664845553;-0.7670101117601225;-0.6840511866364576;0.18034117181178444;0.7451643423563139;0.9935131007378823;0.5861504208102069;0.39672324522159097;-0.5230895593796177;0.7999623950495709;0.101935258786096;-0.24426875350423316;0.6078477176510948;0.9136064967188129;0.5759914802455832;0.2678678453743524;-0.7846209314389858;0.7142178060323598;-0.339722548967607;
nw=nw=nw=nw=
0.16752892637747063;-0.9196913053471247;0.4730202414091429;0.7270979635482187;-0.5076990398886161;0.1602999840537329;-0.6877658166431986;-0.5082156769933242;-0.1064409826815853;0.31167779029066733;-0.38551008683555676;0.41110460222717826;-0.04417275468260318;0.17818412963570118;-0.8169413199409454;-0.37749585315616074;0.2267828599864803;-0.9413793086169913;-0.517025822306943;0.9296778367093639;0.14344909906349157;0.2068170949172301;-0.9443171763544138;-0.35579945450186146;
nw=nw=nw=nw=
-0.47774205388018753;0.7421671224740365;-0.005372033471936044;-0.7437662629805162;-0.8917000230272343;-0.39783045811504714;0.6527814110434116;-0.4305015659575633;-0.23769689007392447;-0.6543475543122093;0.7575671821807424;-0.7724533186471827;0.2983412329556274;-0.5661239592855989;0.8282047596627196;-0.8823394598944192;0.7692306906484112;0.2191212492494048;-0.6003023875417206;-0.16296450017724062;0.4336270895794534;0.6887995575351227;0.239904720274414;-0.9340730422345414;
nw=nw=nw=nw=
0.23520070483004618;0.06503092148667045;0.8701947721442782;-0.4904293490744198;0.5973765034381839;0.42102100826753075;-0.8766598844412563;-0.17558838081753003;0.3911076027109104;0.6264175065212494;-0.7849656298470626;0.572854778619768;0.18546225958631135;-0.5954673778329727;0.4733560049669647;0.3371357823826504;-0.00403107079152365;0.8252324386691732;-0.9996759060774587;-0.6470222497021774;0.8732615896207474;-0.30483896572073377;-0.6726676072636739;-0.5883796896343716;
nw=nw=nw=nw=
-0.042949444160883976;-0.2973739667564519;0.12966466731966153;0.16756984421143484;0.9899704800579916;-0.8322175566822492;-0.05410971941014675;0.7090645251957728;0.8149071076761123;-0.29298442640864697;-0.9367015690700025;-0.04793795149764635;-0.3725677944271877;-0.8044639346612428;0.1849277147498818;0.15147120520008417;-0.26010347968024194;-0.7185399448885603;-0.9864787223059446;-0.5276207597059133;0.3118270617614307;-0.3681647762257414;0.207516458440822;0.03313809778090371;
nw=nw=nw=nw=
0.2223686809758385;-0.88045572881177;0.2651997282619769;-0.27383467898458025;0.8709512973027593;0.7623288318109873;-0.5846435519064481;-0.9401009289571647;0.6734162061376903;0.17315901169599557;0.8800367712062955;-0.7514891314558341;-0.23162845066448678;-0.290718891356081;-0.3798707596279094;-0.015955573691579072;0.8383855949416432;0.4614033496420893;0.07128349677882717;-0.5376419082428869;-0.6163082688875736;-0.9032956683790758;0.6461255045857395;0.8590669637338224;
nw=nw=nw=nw=
0.022375084962666936;0.7553015947841304;0.43801363854383113;0.8682891108367985;-0.35549838259034217;0.8891003651882188;0.7750142565590703;-0.837253849594948;-0.6986558869044586;0.7844601067240238;0.6187242422181483;0.3544027862637047;0.13694978869621144;-0.6887535736368369;0.866803122110112;0.02435795698576726;0.5812124363014526;-0.9494603907293562;0.4783269069066136;-0.5252728397778677;-0.15193599561197146;0.2347474505859306;-0.10830747079657033;0.5291777188921747;
nw=nw=nw=nw=
-0.8701537700116788;0.552576594584038;-0.6653858484462021;-0.2602832372788437;0.7987146450382545;0.31551693875135434;0.00747951867984642;0.7798099012541322;0.48182082310331786;0.062421507908499096;0.1809057908450269;-0.6233056594077404;-0.9459741251561349;-0.27725369728787386;0.4190213743023221;-0.02499021937130519;-0.11084927080801177;0.2322439120422033;0.5634785580662225;-0.046947888334949894;0.008568392992168938;-0.42576596391875454;-0.6734711115837331;-0.7113474806677902;
nw=nw=nw=nw=
-0.15063970646996916;-0.24532685228436613;-0.7185531895657025;-0.94379165887408;0.1534238359689959;0.6341076606004508;-0.7479757238165965;0.979638276727969;-0.909640163202623;0.4604296554358631;0.45444003652416676;-0.7010713424934025;0.9834227565231628;0.39577385814984867;-0.027381130962925937;-0.4367990538020179;0.8615557336286863;-0.5134288829070492;-0.4457824684413074;0.3255846487361562;-0.36180986774762824;-0.1352362257435531;-0.008198283582582455;-0.6108524338487118;
nw=nw=nw=nw=
-0.0765247180911015;0.6320283201251775;0.8280854421908419;0.6778678688543833;0.29728213202109854;0.40692901789402947;-0.03231357402474;-0.7360695476822863;-0.2233550948933487;-0.8999339949785579;0.0415059322373712;0.8161206078482734;0.9980223496181158;-0.5482375812343805;-0.4769653159727423;-0.6103601976631199;-0.5778165574111935;-0.5077887176586022;0.4482342322444628;0.6170012933720004;0.44866866029706465;0.24095830781131267;-0.10650436646015993;-0.9099850431053387;
nw=nw=nw=nw=

lw-lw-lw-lw-
-0.8841657521652733;-0.37545839259977054;-0.4490133191306058;0.1356978818082053;-0.5840841808147264;0.044203855221707;0.9416940119728487;0.3979220194928279;-0.7774653381726189;0.6913763445305072;-0.41770058118161746;0.22551705591863147;0.23582352180056665;0.7771818728213402;0.3886913722627454;
nw=nw=nw=nw=
-0.3852742421839028;-0.48767494298245473;0.5363515457803949;0.33219467215955256;-0.9123871341848215;0.6072174195356732;-0.8053357911099286;0.893224721265008;0.9776008250436004;-0.6780011937413681;0.5105351179758424;0.10913798502645866;0.6555101941881214;0.5924425619814855;0.184744234479167;
nw=nw=nw=nw=
-0.7947336089858803;0.38664277765419475;-0.42723933110302825;-0.20478851677082277;0.745090106652033;0.7273898182294409;0.05939283934935369;-0.9987472919034124;0.8220162273889589;-0.7762544982974711;-0.14340125105484014;-0.7105895638470077;0.03059495673470569;-0.8982371518062324;0.3681367985766224;
nw=nw=nw=nw=
-0.07817112972322171;-0.4505375089100958;0.6196214223108185;-0.21801045705653466;0.15114428182443262;0.9458299539259576;-0.950753847414824;-0.7507522619648024;0.8927383452022617;0.27891763619431864;0.4248280123881105;0.9640111970548291;0.3341340748467714;-0.9779240783117025;-0.31897211802357406;
nw=nw=nw=nw=

lw-lw-lw-lw-

____
0.36970319443214184;
nb=nb=nb=nb=
0.3294648024742901;
nb=nb=nb=nb=
-0.3982388201257987;
nb=nb=nb=nb=
-0.954172307948739;
nb=nb=nb=nb=
-0.07710584345459348;
nb=nb=nb=nb=
0.5584967009158739;
nb=nb=nb=nb=
0.8829308896441961;
nb=nb=nb=nb=
-0.15502426349518683;
nb=nb=nb=nb=
-0.02783804301685522;
nb=nb=nb=nb=
-0.07177511206046061;
nb=nb=nb=nb=
0.233496133222447;
nb=nb=nb=nb=
-0.054978016013489395;
nb=nb=nb=nb=
0.6634426727429756;
nb=nb=nb=nb=
0.01198040630810282;
nb=nb=nb=nb=
0.22487086433933245;
nb=nb=nb=nb=

lb-lb-lb-lb-
0.19707661781204822;
nb=nb=nb=nb=
0.16056812785654095;
nb=nb=nb=nb=
0.053724872934260315;
nb=nb=nb=nb=
0.15365176610211462;
nb=nb=nb=nb=

lb-lb-lb-lb-
