0.4135966941947533;-0.7590134948034599;-0.289267049189319;-0.9601420718407756;-0.8889018823676138;-0.08495138536944391;0.9958867527295951;0.9539131579159337;0.29727328074771076;-0.8563651405132997;0.03260321005772426;0.527848161246782;-0.5931107709673002;-0.8122736042641758;0.08991335326781047;-0.36117291972725907;0.44028190606314976;-0.13604637641532835;0.943500291418994;0.5754751930840618;-0.717137265603284;-0.5761800286315522;0.3552232045920054;0.8809736904327243;
nw=nw=nw=nw=
-0.13484505489692422;-0.6691220884430633;0.21448945964611932;0.18087549206113662;-0.3808587098108678;-0.8287323028872586;0.5419702333987504;0.3912150713814384;-0.5625628404412575;-0.014321052208432494;0.8138316383956608;-0.04763769114951111;-0.0325925839294392;-0.08745409858342068;-0.21692607979664413;0.6030914652624171;-0.41081058147758265;-0.5653988937780772;0.8519434387075957;0.2608261521430757;0.6105835690854229;0.7887037794180796;-0.22462761866570014;0.6952794673844465;
nw=nw=nw=nw=
-0.4151864780069445;0.8401607457205391;-0.19895768703108851;0.0513263447818435;0.8710539624799762;0.6198890087335787;0.4580960426176657;-0.012029578123639695;0.5611530689765842;-0.21926380131443035;0.46999490091170526;0.5940346552378533;0.517212315744483;-0.26846699901472815;0.2989502188179072;0.4577227365840313;0.945204696682344;0.7351127160200552;0.6978128366192651;-0.19332094703180358;0.07037839486000963;0.7920174866984535;-0.9304093171846115;-0.5687892869596258;
nw=nw=nw=nw=
0.9760823632305042;0.9953382043846819;0.4337169942419792;-0.09156921263014373;-0.8249482756562727;-0.9885707587772039;-0.2400320850361124;0.47817585788795314;-0.32913334775415826;0.6318524299495654;0.5268200791880566;-0.4659259362305368;0.7103355155616777;-0.5936118736378322;0.3789071201681389;0.7603487403056115;0.5694153873383163;-0.13034401978921872;0.3459426910291383;0.06161315471569573;0.4607862188852181;0.675553242507881;0.5928014521538063;-0.7366585264192964;
nw=nw=nw=nw=
-0.4401309725435891;-0.5956638722808576;0.8615196707128359;-0.0759826328230846;0.22482565008697186;-0.9034689792532;0.5628911722584888;-0.49432108859904056;0.19108984491634962;0.005906512551668186;-0.23527298596563284;0.026965895281794383;0.45858746819307417;-0.7979022830217675;-0.49701339512857357;0.15901641189537696;-0.8952991910106805;0.7718626503221251;0.46880384409248865;-0.4751902962845278;-0.7813672864052017;0.5418461745546992;0.05722699353285532;0.33553718724431625;
nw=nw=nw=nw=
-0.41680127947704904;0.8531928808441351;-0.515159623038089;-0.3138543914920342;0.001095673973735778;-0.8633628587502489;-0.42535873891434073;-0.5519449686545317;-0.5823973363048482;0.29168335575564064;0.8438480427287964;0.3469959771177069;0.3746779741944948;0.7425322024742698;-0.36228985600862096;-0.6198868890231621;-0.08514731561837507;0.897254836740073;-0.1689188103399777;-0.1312832486659159;-0.6767848210413141;0.5446363363729005;0.752583262106252;-0.3069324229604531;
nw=nw=nw=nw=
-0.05622035635170053;-0.24301623564861696;0.4309526512188775;-0.10451422800705612;-0.7384832993650272;0.5903190665894638;-0.840346201194828;-0.42974859788169995;0.8797434396322343;0.9050660386587224;-0.2813531113711092;-0.26840564185684146;0.5011598836622042;-0.4644304498638858;-0.9501050251529259;-0.6993119941793704;0.2958937250267033;-0.8195168401911941;0.09333423792397011;0.3777670683097216;-0.5827938809633508;-0.9396008076448961;0.30790116806671497;0.4302032577219552;
nw=nw=nw=nw=
-0.47867484250486925;-0.6835447287088661;-0.07013492384726794;0.8478088810147084;0.6083255740817517;0.47456362338070224;0.8249784254816599;-0.31577104464570516;-0.9286420159714803;-0.28230827346441245;0.9330616212387537;0.20064625646095124;0.9478015922942551;-0.024764269334391464;-0.9421599627066526;0.1604281104244416;0.8857794897076572;-0.7066654998896194;-0.6558375687784157;0.4934210618980335;0.6370158958799661;-0.7227714914177141;-0.1481903047760671;0.35032905432926675;
nw=nw=nw=nw=
-0.6283830390531908;0.06558298830241704;-0.2236097914195636;0.14360748784909783;-0.06077184789051082;0.008501544944816919;-0.6948498000193624;-0.03433964228009345;-0.23840643771989023;-0.26784694937020204;-0.7391991956901698;0.015604962839957048;-0.14547468482720838;0.5229622951169113;-0.2113445113321819;-0.6381125983560272;-0.4179982496284169;-0.47264819918403145;0.8205760256509822;0.6937110025092588;-0.004012909026887446;-0.022929503780481753;0.5553476696802417;0.1560074274054588;
nw=nw=nw=nw=
0.20779976476121198;-0.15890852277896883;0.44578520775045605;0.44657996174118963;0.7735827478071966;-0.7413370853980128;0.5320266981651454;0.8096022092111956;0.7397695047719788;0.25081359285258475;-0.719841232591677;0.4099966374865591;0.5069515470922079;0.4409661647778893;0.1691636572424029;-0.1544477381439462;-0.9087376439134998;0.7848740592866756;0.3695420334849062;-0.014760239191509816;-0.42318329716169134;-0.9283247026230761;0.0031203646934860885;-0.21887816773739588;
nw=nw=nw=nw=
0.5091466453731217;-0.2914370274185203;-0.8627492339901284;-0.3753232601823322;-0.6078342548972511;-0.8249224990389725;-0.17703074839536637;-0.008865961007811007;-0.8479163818662623;0.6697247900836905;-0.8853098133484321;0.24495695373401594;0.14136911575186262;0.24083721313777628;0.7668846301904497;-0.4002785718957673;0.8617518737257126;-0.4469821425122458;0.2598544768396811;0.1408712998737187;0.6725096339963801;0.6039895106041875;-0.08667201228811416;0.0153439794915593;
nw=nw=nw=nw=
-0.2689231235682621;0.09064942853252855;-0.9020432371983123;0.5644063427549493;-0.8657092233936543;-0.9187222654470566;-0.37665074749227756;-0.47160083209668224;-0.6986558869044586;0.7844601067240238;0.6187242422181483;-0.8519002842076131;0.8419923873913393;0.07467492299932843;-0.03736348165635506;0.8802009359857053;0.32072384249881036;-0.5701956361449985;0.7204246874094717;-0.5412363672831073;0.22283316239767714;-0.5314164688577372;0.7756499859245325;0.8453203212832643;
nw=nw=nw=nw=
0.2779298525270064;0.552576594584038;-0.6653858484462021;0.4250540354600536;-0.6382239457293617;0.6914383802461497;0.08323897329118757;-0.8044684643235278;-0.4276772535671658;0.11513142384909503;0.33480210693339574;-0.4548544909746335;0.17217449243113037;0.12764059293258345;0.1548595426658712;0.9596237840874688;0.11675351214353635;0.6289803675777104;0.5634785580662225;-0.046947888334949894;0.008568392992168938;-0.42576596391875454;-0.6734711115837331;-0.7113474806677902;
nw=nw=nw=nw=
-0.15063970646996916;-0.24532685228436613;-0.7185531895657025;-0.94379165887408;0.1534238359689959;0.6341076606004508;-0.7479757238165965;0.979638276727969;-0.909640163202623;0.4604296554358631;0.45444003652416676;-0.7010713424934025;0.9834227565231628;0.39577385814984867;-0.027381130962925937;-0.4367990538020179;0.8615557336286863;-0.5134288829070492;-0.4457824684413074;0.3255846487361562;-0.36180986774762824;-0.1352362257435531;-0.008198283582582455;-0.6108524338487118;
nw=nw=nw=nw=
0.5301983190915636;-0.5214059219740832;0.8280854421908419;0.6778678688543833;0.29728213202109854;0.07126467787250212;-0.8712277625030327;-0.21367163743787376;-0.9430643266118266;0.9792263247848618;-0.404542445717919;0.6465473198435352;0.4817457245249257;0.32278671364080513;-0.6947056123944917;-0.11463204868696497;0.2726190620437121;-0.23660032932066088;-0.031303234506165234;-0.5936198844981719;0.18061938259202615;-0.1311753386643899;0.9126102272433765;-0.07430694155153228;
nw=nw=nw=nw=

lw-lw-lw-lw-
-0.11006776608743074;0.3038111985324825;-0.4397075194483744;0.17185979838082677;0.7430878730276771;0.8391042178529244;-0.046178301508070785;0.14521646841381664;-0.8826911640346009;0.9714952974284319;-0.34616516716694123;-0.8105221067882415;-0.9055576987066982;0.08105105345905828;-0.060412162552774706;
nw=nw=nw=nw=
-0.3852742421839028;-0.48767494298245473;0.5363515457803949;0.33219467215955256;-0.9123871341848215;0.6072174195356732;-0.8053357911099286;0.893224721265008;0.9776008250436004;-0.6780011937413681;0.5105351179758424;0.10913798502645866;0.6555101941881214;0.5924425619814855;0.184744234479167;
nw=nw=nw=nw=
-0.26958592306429985;-0.036966020694058965;0.24380503626649963;-0.30618364318496094;0.8663663662577428;0.7273898182294409;0.05939283934935369;-0.9987472919034124;0.8220162273889589;-0.7762544982974711;-0.14340125105484014;-0.4195793923433375;0.5974161277808563;-0.2558812926154066;0.9165528327436074;
nw=nw=nw=nw=
0.4061701287778581;-0.9250466833035396;0.4387814674123962;-0.6604581711803506;0.5362191179205389;0.12105067047299212;0.04026339303350168;-0.03805676718438833;0.12692065827885624;0.36286952478192736;0.10663357656339767;0.8998983866550325;-0.4259586339970045;-0.9253974832950553;-0.4503223832487149;
nw=nw=nw=nw=

lw-lw-lw-lw-

____
0.38125420724392156;
nb=nb=nb=nb=
0.28861024941259217;
nb=nb=nb=nb=
0.12999548787841797;
nb=nb=nb=nb=
-0.3848914368440697;
nb=nb=nb=nb=
0.4701883868173078;
nb=nb=nb=nb=
-0.34052000704194363;
nb=nb=nb=nb=
0.7157829671027014;
nb=nb=nb=nb=
-0.21622347286832055;
nb=nb=nb=nb=
0.7834544660777205;
nb=nb=nb=nb=
0.8472540091173877;
nb=nb=nb=nb=
0.8187507823229672;
nb=nb=nb=nb=
0.7040670878936173;
nb=nb=nb=nb=
0.4441587204796813;
nb=nb=nb=nb=
-0.3034435731837448;
nb=nb=nb=nb=
0.9698391575156471;
nb=nb=nb=nb=

lb-lb-lb-lb-
-0.4397450216892089;
nb=nb=nb=nb=
0.028518088001251662;
nb=nb=nb=nb=
0.4534439659795735;
nb=nb=nb=nb=
0.4480542319576095;
nb=nb=nb=nb=

lb-lb-lb-lb-
