-0.8826016337359974;0.15368842268682315;-0.5428327165092288;-0.11884481508425004;-0.7802386898444054;0.2434784901378011;-0.9075371655980884;-0.6886599124738997;0.32844643032366716;-0.2905351171165256;0.5795912081768928;0.527848161246782;-0.5931107709673002;-0.8122736042641758;0.08991335326781047;-0.36117291972725907;0.44028190606314976;-0.13604637641532835;0.943500291418994;0.5754751930840618;-0.717137265603284;-0.5761800286315522;0.3552232045920054;0.8809736904327243;
nw=nw=nw=nw=
-0.13484505489692422;-0.6691220884430633;0.21448945964611932;0.18087549206113662;-0.3808587098108678;-0.8287323028872586;0.5419702333987504;0.3912150713814384;-0.5625628404412575;-0.014321052208432494;0.8138316383956608;-0.04763769114951111;-0.0325925839294392;-0.08745409858342068;-0.21692607979664413;0.6030914652624171;-0.41081058147758265;-0.5653988937780772;0.8519434387075957;0.2608261521430757;0.6105835690854229;0.7887037794180796;-0.22462761866570014;0.6952794673844465;
nw=nw=nw=nw=
-0.4151864780069445;0.8401607457205391;-0.19895768703108851;0.0513263447818435;0.8710539624799762;0.6198890087335787;0.4580960426176657;-0.012029578123639695;0.5611530689765842;-0.21926380131443035;0.46999490091170526;0.5940346552378533;0.517212315744483;-0.26846699901472815;0.2989502188179072;0.4577227365840313;0.945204696682344;0.7351127160200552;0.6978128366192651;-0.19332094703180358;0.07037839486000963;0.7920174866984535;-0.9304093171846115;-0.5687892869596258;
nw=nw=nw=nw=
0.9760823632305042;0.9953382043846819;0.4337169942419792;-0.09156921263014373;-0.8249482756562727;-0.9885707587772039;-0.2400320850361124;0.47817585788795314;-0.32913334775415826;-0.6312808569882011;-0.695886367299015;0.08008562608727487;-0.9449780410813253;-0.35886293886198306;0.13355084917780835;-0.6050068343776376;0.6348318477066512;-0.38248674082717504;0.1252304289482098;0.16993870687028223;0.8487194781433074;-0.2599214218018555;-0.375050765312942;0.19234389372617633;
nw=nw=nw=nw=
0.5869352419086062;0.3352188038685653;-0.2777776240774761;0.17896733291150424;-0.8504364093420358;-0.36011276901145495;0.5628911722584888;-0.49432108859904056;0.19108984491634962;0.005906512551668186;-0.23527298596563284;0.026965895281794383;0.45858746819307417;-0.7979022830217675;-0.49701339512857357;0.15901641189537696;-0.8952991910106805;0.7718626503221251;0.46880384409248865;-0.4751902962845278;-0.7813672864052017;0.5418461745546992;0.05722699353285532;0.33553718724431625;
nw=nw=nw=nw=
-0.41680127947704904;0.8531928808441351;-0.515159623038089;-0.3138543914920342;0.001095673973735778;-0.8633628587502489;-0.42535873891434073;-0.5519449686545317;-0.5823973363048482;0.29168335575564064;-0.9732759457877318;-0.7029115686752687;0.9827774393907116;-0.13586029446646353;0.6283129064974164;0.974710412852158;-0.79578089591316;-0.24188571887209442;-0.35927488094051774;0.935999994527211;-0.5965462989479386;-0.3578637507442137;0.6504195816639953;-0.4671136449170892;
nw=nw=nw=nw=
-0.06270563164422782;0.29110480338871403;0.8167896562113557;-0.6408396270044177;0.8528891422229576;-0.04467130309685552;-0.946842203290321;0.5009650448183227;0.7416231205386414;-0.9949907850998494;-0.41730333971435196;-0.5125204276865818;-0.20138939205193362;0.6599629233477315;-0.17964180751210224;0.4080123645997016;-0.39226644050668735;-0.9283917691178345;-0.40989319185490647;-0.765724305751138;0.2964151191349025;-0.990396840771381;0.305545909267428;0.4302032577219552;
nw=nw=nw=nw=
-0.47867484250486925;-0.6835447287088661;-0.07013492384726794;0.8478088810147084;0.6083255740817517;0.47456362338070224;0.8249784254816599;-0.31577104464570516;-0.9286420159714803;-0.28230827346441245;0.9330616212387537;0.20064625646095124;0.9478015922942551;-0.024764269334391464;-0.9421599627066526;0.1604281104244416;0.4455386404309287;-0.5283269786454032;-0.7085555149545346;-0.13216849560724575;0.4119554030190262;0.647997060486426;0.48273615178542495;-0.13283607296594013;
nw=nw=nw=nw=
-0.6283830390531908;0.06558298830241704;-0.2236097914195636;0.14360748784909783;0.3730003566109925;-0.5657361513114818;-0.6094978805022875;-0.6796782234291343;-0.02066563316150649;0.6674039753007994;-0.11790864828886471;-0.29970686833947213;0.9249836085603813;0.5069545493563414;0.011165447782485405;-0.692013498422414;0.6381910687676273;-0.7228608198937037;0.30054696333553066;0.9813544938393486;0.6209933735758402;0.17147777269624864;0.5438377866395976;-0.9781536328874267;
nw=nw=nw=nw=
0.876265459866747;0.3721608118150026;-0.17423314929497713;0.11210901608933499;0.01748166614285207;-0.5470650165272986;-0.800054892596697;0.08067167875536385;0.25046117225166653;0.222387094696888;-0.6249143983300856;0.4774463825663189;0.44273116113790656;-0.4930822297078328;0.4648190637123739;0.09186410748401852;-0.20532716447487198;0.4271772854670881;0.9701243990299611;-0.34435605537853653;-0.9382883441404912;0.3777727476188506;-0.8605426679026358;-0.3025819477958469;
nw=nw=nw=nw=
0.4401857718173108;-0.9582638394068752;-0.4994584831253366;0.8932141170785484;0.8942124026009082;-0.774852905013784;0.8769302800381866;-0.8876836331814815;0.4378797684708;-0.8690070866497444;0.8800367712062955;-0.7514891314558341;-0.23162845066448678;-0.290718891356081;-0.6955879443403619;-0.5000091264469166;0.2936453332645659;0.22865356352388488;-0.36677687955876714;-0.6232606188851988;-0.2682647021804958;0.4272548164270147;-0.0736544584944272;-0.7331580942784319;
nw=nw=nw=nw=
0.022375084962666936;0.7553015947841304;0.43801363854383113;0.8682891108367985;-0.35549838259034217;0.8891003651882188;0.12622697489848655;-0.2061407470934591;0.7971932637497408;0.9547159342440075;-0.2952953568248191;0.08640488582534589;-0.36762314952262853;-0.5059305357401276;-0.20151162078405127;0.35170978548307175;-0.68352143262869;-0.9494603907293562;0.4783269069066136;-0.5252728397778677;-0.15193599561197146;0.2347474505859306;-0.10830747079657033;0.5291777188921747;
nw=nw=nw=nw=
-0.9757436650716336;0.6322099552698308;0.4164221898894904;-0.2602832372788437;0.7987146450382545;0.31551693875135434;0.00747951867984642;0.7798099012541322;0.48182082310331786;0.062421507908499096;0.1809057908450269;-0.6233056594077404;-0.9459741251561349;-0.27725369728787386;0.4190213743023221;-0.02499021937130519;-0.11084927080801177;0.2322439120422033;0.5634785580662225;-0.046947888334949894;0.008568392992168938;-0.42576596391875454;-0.6734711115837331;-0.7113474806677902;
nw=nw=nw=nw=
-0.15063970646996916;-0.24532685228436613;-0.7185531895657025;-0.94379165887408;0.1534238359689959;0.6341076606004508;-0.7479757238165965;0.979638276727969;-0.909640163202623;0.4604296554358631;0.45444003652416676;-0.7010713424934025;0.9834227565231628;0.39577385814984867;-0.027381130962925937;-0.4367990538020179;0.8615557336286863;-0.5134288829070492;-0.4457824684413074;0.3255846487361562;-0.36180986774762824;-0.1352362257435531;-0.008198283582582455;-0.6108524338487118;
nw=nw=nw=nw=
0.08564117105267588;0.21247685345096334;0.4441959590503495;0.24084768098962384;0.8637735858021505;0.6664953299882277;0.3318806455242178;-0.21367163743787376;-0.9430643266118266;0.9792263247848618;-0.404542445717919;0.6465473198435352;0.4817457245249257;-0.2674274717056946;-0.7455935429713691;0.8322942583204065;0.1047660969388502;-0.7541907629592379;-0.031303234506165234;-0.5936198844981719;0.18061938259202615;-0.1311753386643899;0.9126102272433765;0.6874081309674716;
nw=nw=nw=nw=

lw-lw-lw-lw-
-0.6413021935895806;0.1538551612172292;0.4057402113480575;0.630393667590367;-0.5720341983589599;-0.5834136513308343;0.4343485259810098;-0.4334893485843683;0.416199022671629;-0.12342208949653966;0.17586519225059183;-0.8105221067882415;-0.9055576987066982;0.08105105345905828;-0.060412162552774706;
nw=nw=nw=nw=
-0.3852742421839028;-0.48767494298245473;0.5363515457803949;0.33219467215955256;-0.9123871341848215;0.6072174195356732;0.21861317136768732;0.4870432940772198;-0.26162684200031516;0.8916914423128159;0.3155784955137315;-0.15071559316504413;-0.7267248871807324;0.5428627457108113;0.5750812218133063;
nw=nw=nw=nw=
0.8328215734891145;-0.7471252257313519;0.7606251164068378;-0.4956577642001665;0.09293854167070603;-0.1656489329185249;0.39583715591894797;-0.17220922158946572;0.34669708145839984;-0.4820342206104238;-0.0788991667768657;-0.4015376200854186;0.8623698804304087;-0.43976301434950926;0.6341873851006761;
nw=nw=nw=nw=
0.8746062781415163;-0.8504552249990756;0.6790207913517008;0.26575093339299993;0.6515420667553442;0.8466952623233048;0.17152712126884628;-0.09339475416295762;-0.9985123941118441;-0.9707588025717191;0.06293606851754707;0.7718089768846175;0.11423272176924604;-0.9779240783117025;0.5648787650873472;
nw=nw=nw=nw=

lw-lw-lw-lw-

____
-0.11885185271070298;
nb=nb=nb=nb=
0.28861024941259217;
nb=nb=nb=nb=
0.12999548787841797;
nb=nb=nb=nb=
-0.5320107447912721;
nb=nb=nb=nb=
0.9871437664309528;
nb=nb=nb=nb=
-0.22221197292825656;
nb=nb=nb=nb=
0.6984395022415084;
nb=nb=nb=nb=
0.8086219986441348;
nb=nb=nb=nb=
-0.51952122173557;
nb=nb=nb=nb=
0.16053222940976664;
nb=nb=nb=nb=
-0.48103417784929015;
nb=nb=nb=nb=
0.618543597667254;
nb=nb=nb=nb=
-0.6715689709085584;
nb=nb=nb=nb=
-0.2669443942710996;
nb=nb=nb=nb=
0.3576435780860472;
nb=nb=nb=nb=

lb-lb-lb-lb-
0.0983381928225322;
nb=nb=nb=nb=
0.3574967068851227;
nb=nb=nb=nb=
0.2413755484868103;
nb=nb=nb=nb=
0.2850437856906869;
nb=nb=nb=nb=

lb-lb-lb-lb-
