0.2766757261544721;-0.10489030862518423;-0.029636792749855756;0.6270193310839962;0.910845258330715;0.04124610781677518;-0.8848764420390218;-0.4314102304944545;-0.17197265376083837;0.16617650206428425;0.46424084420108813;0.5349812413938695;-0.3368988504464254;-0.479001500759906;-0.3874527223906745;0.6385819232279364;-0.20573102717192948;0.947390029727813;0.8794242314451939;0.8646067486495519;0.9547188489986114;-0.8191074517515569;0.10397578685675879;-0.0646115415418258;
nw=nw=nw=nw=
-0.6804553759295846;-0.09863326744333722;-0.8369152043119097;-0.41021462684750754;-0.2892462503195805;0.9365330653276991;0.7368800534025084;0.20388566584345247;0.14380362887030484;0.2313567143523536;0.33768963252089956;-0.17033363691059678;0.11892998480269745;-0.07386687812711235;-0.1559864004987579;-0.5226219195149702;0.5220903386341209;-0.06604683031054037;-0.3318383557035547;0.42181060271776993;0.8437417082667429;0.732860709867021;0.1817538233438165;-0.9610363903354227;
nw=nw=nw=nw=
-0.5172352140042105;0.7115815510055408;-0.7538804915097927;-0.8691280635451681;0.8749943679909287;-0.8258612655212603;-0.1291216493434333;0.7485872329917571;-0.5509673392874608;-0.4125169649214666;-0.6413430617333569;-0.8125616752194147;-0.29606759647091097;-0.04454400678853632;-0.7756434912269232;0.36293069345555273;0.17497734297310363;-0.73478211571117;-0.45084764365248065;0.9513662966752421;-0.32775756091299635;-0.8253895827303006;-0.14206823658166368;0.4942353959730872;
nw=nw=nw=nw=
0.7460131841269113;-0.5161269661159451;-0.4270767527487922;-0.4201823050761393;0.32239565399829107;-0.837060919937505;-0.42846104331945334;0.26763568350376765;-0.24533192819983451;-0.18181563500886577;-0.5749642142302469;-0.8886654764789805;-0.3448464615118412;0.6269061462421919;-0.025017764749531768;-0.6941205581289962;0.41328408797880845;-0.8843341649240095;0.6250844843153318;0.38999336112148764;-0.4446100446163923;-0.9839332285895004;-0.46655036273854256;-0.22048179765423592;
nw=nw=nw=nw=
0.03097496928450849;0.9475581145374783;-0.527381722981447;0.6126712229107705;0.5683923644257836;0.48742690801993205;0.0994929513760896;0.7587195165843752;0.24318731104954594;0.627313176140184;-0.7212416436321718;-0.523507019535062;-0.42964072928235053;0.9437944456531921;0.47059739861796435;-0.4843704367039705;0.4588548857463055;0.4234711210108777;-0.9123385408423703;-0.9029637188652411;-0.8458932064377229;-0.6887014428628606;-0.24623478641967433;-0.9252592544111118;
nw=nw=nw=nw=
0.3256905441405207;-0.2936101837933496;-0.5144645422078475;0.37238170829692474;-0.31666304247258736;-0.035816727461249975;0.37876905759519963;0.05516660816052554;0.5498966438373807;0.8224372534220912;-0.053627028603815186;-0.045779116495601846;0.15873249669179068;0.6763529442150484;-0.6316852232162433;-0.6266753082098901;0.7645693367576294;0.4812665319298932;0.8004801543779674;0.8870885090512644;0.5102812980615423;0.6053414859293764;-0.015220253332136613;-0.9799490128033457;
nw=nw=nw=nw=
0.3866616461638803;-0.19949766818342907;-0.6980724005340468;-0.3934288415259022;-0.23264294899713733;-0.17176081192139137;-0.7624507874093587;0.5503380862594027;-0.3861722547675883;-0.1485899940265718;-0.11268301975066075;0.25269965293831476;-0.87344103623202;-0.869470292358208;0.19401723226525402;-0.6191159144142793;0.8662215021915363;-0.9707002316002533;-0.7059707987954433;-0.6856083368551331;-0.6300887479052064;-0.3267441380697953;-0.5187653738853548;0.9748765221357645;
nw=nw=nw=nw=
0.9571165594076707;-0.6994931454489277;0.5031346981506215;-0.781207679480658;0.13555125791149125;0.7400714246617468;0.9046379717955193;0.8106319294669029;-0.7747263501618393;0.8599784273609368;0.14727901246126818;-0.5653282194658229;0.10438077179205196;0.35930219574272937;0.3882569534695488;0.8814345539128152;0.7214924684320883;-0.28300884172064533;0.7088319911429237;0.754695871679645;-0.1471445905569222;0.46875428625824234;-0.924965723002888;0.8094649268222218;
nw=nw=nw=nw=
0.9474539847087804;0.2780289176848365;0.5811833510118227;-0.1045671214741033;-0.8569692804174052;-0.9728559994726893;0.9589504914746787;0.570481760721262;0.44966338098110636;0.9292762976013715;-0.008612079692484897;-0.8492518208832933;0.31175248902277186;-0.4162468069310934;0.21844187003435112;0.6096162300288459;-0.10519464899881226;-0.1313926913386847;-0.5847144918801106;0.3697737951230502;0.32543739603569777;-0.2959774600838663;-0.14965037334338072;0.35017303076313566;
nw=nw=nw=nw=
-0.38834114553981447;-0.5276169628746314;0.5890335752048683;0.6748771507675584;-0.7208426329174513;-0.0959265863880081;-0.7112572427639541;-0.39383148965144477;-0.877568899587231;0.6702909289447894;0.07273198453043861;-0.202700479934526;0.5817298928647967;0.5697342657137259;-0.5240720279380131;0.5485369453081066;-0.16492453655315464;0.42953111071700945;-0.7514588749706552;-0.45149293855629424;-0.9573504744884704;0.11772198569698245;-0.40038820334423497;-0.38215770562035334;
nw=nw=nw=nw=
-0.5773331060597124;-0.19400794131613885;0.7308948872179277;0.48616709568609173;-0.3477602887165503;0.43122970962158735;-0.04573903611843022;0.5571320877994974;0.23681645649035565;0.20578730765352726;-0.08863727220989515;-0.8549736823946457;-0.3185489672797295;-0.702756676892843;0.8229558158710735;-0.5855855741807836;-0.040869612140523426;0.33781014216119476;0.1467981324288341;0.8501005215282413;-0.4191223163660758;0.48541243707589943;0.8103357855541806;0.9818261299609659;
nw=nw=nw=nw=
0.5002552617447438;0.6292750806055913;0.13714750099117112;0.34518984006746667;-0.16509676771247594;0.1558931782536741;-0.4464847308732698;-0.12765272135221983;-0.2502252141727841;-0.7048579795686043;0.5974670318740103;0.07779662373419804;-0.6305881941281346;0.6124501104273858;-0.8172704116891218;-0.762861927938234;-0.9998660483290867;-0.38291053392869845;-0.5437308514558805;-0.23892990502154077;-0.7594232873146036;0.7806737508799599;-0.17937975718082777;-0.4146851666273226;
nw=nw=nw=nw=
-0.9390799958022737;-0.8421927821880604;-0.48341602677987594;-0.5246856039857315;0.18819083020252725;-0.010651939167797053;0.5927491538352525;0.23001427783149553;-0.7242048976451108;-0.9868283647251923;0.143400688458867;0.6028464639123903;0.9467356354462242;0.15537477338324313;-0.7521639575445955;-0.1120321992544282;-0.639998198144639;0.44265983167332346;-0.6415216514373248;0.0021113805897055027;0.9728786525651831;0.07602017159124541;-0.06758160152620696;-0.046584211090151095;
nw=nw=nw=nw=
0.8193466109971883;0.06038476668506987;-0.29994229532253014;-0.7580235969569695;0.4439068935174961;-0.8176105155782629;0.4661622217717889;0.03659744542742294;-0.6743807995601099;-0.02593949611385704;-0.339989373519922;0.6908723836026835;-0.6719025966265311;0.17880202122965527;0.4517862761420208;-0.44330471009503736;-0.04336222097234965;0.9498162909849315;-0.876355028939148;-0.7008713777390645;-0.9937885001434816;-0.7138356418203329;-0.9523476743926302;0.06572852256174588;
nw=nw=nw=nw=
-0.3352457812954954;-0.5614307030256602;0.9395053799901085;-0.5255808746529154;-0.4644029314415685;0.5808092332271519;0.3247699244300002;-0.9781899100557521;-0.4980456631870158;0.09121367125189406;0.7000381609236042;0.8815358933114206;0.37098012886101017;-0.6361400673539483;0.3662441759644548;0.9444615144402566;-0.7940154229865259;-0.12411708642786934;0.37894193326065584;-0.9771476222562934;0.575136317739098;-0.23417030888821566;0.6512653959064161;0.8855749847846359;
nw=nw=nw=nw=

lw-lw-lw-lw-
0.6397814057070117;-0.040371333970199874;0.7006776918543993;-0.009924026894189364;-0.538970232420777;0.20100589147133663;-0.40542412569668285;-0.37704909431940226;0.07248826560818267;-0.5749571765538801;0.1437776649682705;-0.5781749783354679;0.05430088494459073;0.9005756471784936;-0.7786223807450368;
nw=nw=nw=nw=
0.9286963935607941;0.7474485931234602;0.046381147541098455;-0.6410844120669499;-0.9057357178770211;0.7286789591296003;0.7366693833415072;0.310758590862813;0.1546121324887335;0.956237285031144;-0.3189737930195118;0.2148720693379429;0.6759742254555379;0.5244296063561511;-0.605506364759248;
nw=nw=nw=nw=
0.7326449937117188;0.03936800503722604;0.7813737427926981;0.6301471198821931;0.09944776292330415;-0.37888870688758836;0.9411712103530865;-0.42145276627560313;-0.03879010985243392;0.02131436742672621;0.8152769053983193;0.6470139457620032;0.39089770863766304;-0.7268403060321551;0.6022047019545815;
nw=nw=nw=nw=
0.14101318730847545;-0.630261303928765;-0.0005763061742600772;0.08110886112799465;0.9040109285579474;0.6721582730174274;0.5639211229959642;-0.15521330837523117;0.5380899626480689;0.12829882542667215;0.12472239069060631;-0.7609406426804914;-0.8187135214633103;0.22749687686253228;0.31057828442218316;
nw=nw=nw=nw=

lw-lw-lw-lw-

____
-0.7267258292987213;
nb=nb=nb=nb=
0.5656401053352644;
nb=nb=nb=nb=
-0.7545772024617776;
nb=nb=nb=nb=
-0.5479783964486962;
nb=nb=nb=nb=
-0.5319112660107559;
nb=nb=nb=nb=
0.7754875147673193;
nb=nb=nb=nb=
-0.09909840333816322;
nb=nb=nb=nb=
-0.9084830077813499;
nb=nb=nb=nb=
-0.4182646991308072;
nb=nb=nb=nb=
0.3841646926187925;
nb=nb=nb=nb=
0.7972726656451594;
nb=nb=nb=nb=
-0.7783863975936522;
nb=nb=nb=nb=
0.03895759265031118;
nb=nb=nb=nb=
0.33289028187151515;
nb=nb=nb=nb=
-0.8821647221501296;
nb=nb=nb=nb=

lb-lb-lb-lb-
-0.2851977279407283;
nb=nb=nb=nb=
0.9697610200710327;
nb=nb=nb=nb=
0.7943769446578852;
nb=nb=nb=nb=
0.9772034164265557;
nb=nb=nb=nb=

lb-lb-lb-lb-
