-0.8826016337359974;0.15368842268682315;-0.5428327165092288;-0.11884481508425004;-0.7802386898444054;0.2434784901378011;-0.9075371655980884;-0.6886599124738997;0.9191793878033392;-0.9868192661290425;-0.09671214535861239;0.15117115243232848;0.20559700573293438;-0.1567303437971399;-0.39255157301883914;-0.7780418787687031;0.18346789934529406;-0.3131344954589921;-0.8107620605918713;0.2184865500291575;-0.6001117907671534;0.4988979454533635;-0.3914512158117147;0.29151568109821135;
nw=nw=nw=nw=
0.8414541776677367;-0.7553232627574427;-0.5553235460075097;-0.05797053192121404;0.5185469458511793;0.44826634646246544;0.4749893103626843;0.3030327078332946;0.19712582603396145;-0.08729856761010768;-0.14130307180515178;-0.8611482212917763;0.599850848631301;0.2348144394229006;-0.7142290262562265;0.2421068370189512;-0.9697761889415137;-0.3653174322464434;0.5473334453549008;-0.0659222342507162;-0.1274998078147278;-0.5180334519149017;0.5542711753806258;-0.5426447759966135;
nw=nw=nw=nw=
-0.052429887795629515;-0.34602781268062577;-0.2909867337429448;0.9636770915814974;0.823064603838332;-0.836381619857441;0.5972631151366414;0.5605784630520814;0.6661466999169199;-0.166933077084364;-0.6143757108513537;-0.6073647239480382;0.01846434349222492;0.5447032971560517;0.5103027293848297;0.7052815934638133;-0.1329910265072367;-0.8821314242563638;-0.433128384924824;0.17278858412749254;0.9826722522612068;-0.6977571888668237;-0.5130134668255293;-0.9535238116457361;
nw=nw=nw=nw=
0.7922966058723508;0.9899917555764737;0.6216050026395941;-0.09687079216571948;-0.7428855724853995;-0.8378910114537457;0.8899917537906996;0.9303762386968379;-0.24388527593159193;0.6318524299495654;0.5268200791880566;-0.4659259362305368;0.7103355155616777;-0.5936118736378322;0.3789071201681389;0.7603487403056115;0.5694153873383163;-0.13034401978921872;0.3459426910291383;0.06161315471569573;0.4607862188852181;0.675553242507881;0.5928014521538063;-0.7366585264192964;
nw=nw=nw=nw=
-0.4401309725435891;-0.5956638722808576;0.8615196707128359;-0.0759826328230846;0.22482565008697186;-0.9034689792532;0.5628911722584888;-0.49432108859904056;0.19108984491634962;0.005906512551668186;-0.23527298596563284;0.026965895281794383;0.45858746819307417;-0.7979022830217675;-0.49701339512857357;0.15901641189537696;-0.8952991910106805;0.7718626503221251;0.46880384409248865;-0.4751902962845278;-0.7813672864052017;0.5418461745546992;0.05722699353285532;0.33553718724431625;
nw=nw=nw=nw=
-0.41680127947704904;0.8531928808441351;-0.515159623038089;-0.3138543914920342;0.001095673973735778;-0.8633628587502489;-0.42535873891434073;-0.5519449686545317;-0.5823973363048482;0.29168335575564064;0.8438480427287964;0.3469959771177069;0.3746779741944948;0.7425322024742698;-0.36228985600862096;-0.6198868890231621;-0.08514731561837507;0.897254836740073;-0.1689188103399777;-0.1312832486659159;-0.6767848210413141;0.5446363363729005;0.752583262106252;-0.3069324229604531;
nw=nw=nw=nw=
-0.05622035635170053;-0.24301623564861696;0.4309526512188775;-0.10451422800705612;-0.5076990398886161;0.1602999840537329;-0.6877658166431986;-0.5082156769933242;-0.1064409826815853;0.31167779029066733;-0.38551008683555676;0.41110460222717826;-0.04417275468260318;0.17818412963570118;-0.8169413199409454;-0.37749585315616074;0.2267828599864803;-0.9413793086169913;-0.517025822306943;0.9296778367093639;0.14344909906349157;0.2068170949172301;-0.9443171763544138;-0.35579945450186146;
nw=nw=nw=nw=
-0.47774205388018753;0.7421671224740365;-0.005372033471936044;-0.7437662629805162;-0.8917000230272343;-0.39783045811504714;0.6527814110434116;-0.4305015659575633;-0.23769689007392447;-0.6543475543122093;0.7575671821807424;-0.7724533186471827;0.2983412329556274;-0.5661239592855989;0.8282047596627196;-0.8823394598944192;0.7692306906484112;0.2191212492494048;-0.6003023875417206;-0.16296450017724062;0.4336270895794534;0.6887995575351227;0.239904720274414;-0.9340730422345414;
nw=nw=nw=nw=
-0.6283830390531908;0.06558298830241704;-0.2236097914195636;0.14360748784909783;0.3730003566109925;-0.5657361513114818;-0.8766598844412563;-0.17558838081753003;0.3911076027109104;0.6264175065212494;-0.7849656298470626;0.572854778619768;0.18546225958631135;-0.5954673778329727;0.4733560049669647;0.3371357823826504;-0.00403107079152365;0.8252324386691732;-0.9996759060774587;-0.6470222497021774;0.8732615896207474;-0.30483896572073377;-0.6726676072636739;-0.5883796896343716;
nw=nw=nw=nw=
-0.042949444160883976;-0.2973739667564519;0.12966466731966153;0.16756984421143484;0.9899704800579916;-0.8322175566822492;-0.05410971941014675;0.7090645251957728;0.8149071076761123;-0.29298442640864697;-0.9367015690700025;-0.04793795149764635;-0.3725677944271877;-0.8044639346612428;0.1849277147498818;0.15147120520008417;-0.26010347968024194;-0.7185399448885603;-0.9864787223059446;-0.5276207597059133;0.3118270617614307;-0.3681647762257414;0.207516458440822;-0.3025819477958469;
nw=nw=nw=nw=
0.4401857718173108;-0.9582638394068752;-0.4994584831253366;0.8932141170785484;0.8942124026009082;-0.774852905013784;0.8769302800381866;-0.8876836331814815;0.4378797684708;-0.8690070866497444;0.8800367712062955;-0.7514891314558341;-0.23162845066448678;-0.290718891356081;-0.3798707596279094;-0.015955573691579072;0.8383855949416432;0.4614033496420893;0.8232543809384492;0.8956069303668108;-0.5620492189707971;-0.025832954465705882;0.3670408535583025;0.06359216903111387;
nw=nw=nw=nw=
-0.6541849657576262;-0.0857110742396674;-0.1407850578161307;0.936041542182503;-0.2909804807636489;-0.7340672528856571;0.8938019493217317;0.6572204098417254;0.789967256036745;-0.614447061158401;-0.12399256212895282;0.6710894630438637;0.13694978869621144;-0.6887535736368369;0.866803122110112;0.02435795698576726;0.5812124363014526;-0.9494603907293562;0.4783269069066136;-0.5252728397778677;-0.15193599561197146;0.2347474505859306;-0.10830747079657033;0.5291777188921747;
nw=nw=nw=nw=
-0.9757436650716336;0.6322099552698308;0.4164221898894904;-0.2602832372788437;0.7987146450382545;0.31551693875135434;0.00747951867984642;0.7798099012541322;0.48182082310331786;0.062421507908499096;0.1809057908450269;-0.6233056594077404;-0.9459741251561349;-0.27725369728787386;0.4190213743023221;-0.02499021937130519;-0.11084927080801177;0.2322439120422033;0.5634785580662225;-0.046947888334949894;0.7839327761375376;-0.8815848827541286;-0.6734711115837331;-0.7113474806677902;
nw=nw=nw=nw=
-0.15063970646996916;-0.24532685228436613;-0.7185531895657025;-0.94379165887408;0.1534238359689959;0.6341076606004508;-0.7479757238165965;0.979638276727969;-0.909640163202623;0.4604296554358631;0.45444003652416676;-0.7010713424934025;0.9834227565231628;0.39577385814984867;-0.027381130962925937;-0.4367990538020179;0.8615557336286863;-0.5134288829070492;-0.4457824684413074;0.3255846487361562;-0.36180986774762824;-0.1352362257435531;-0.008198283582582455;-0.6108524338487118;
nw=nw=nw=nw=
-0.5621580625664633;-0.07586483028006263;-0.8902600824035707;0.2205617599264864;-0.7175208259668464;-0.41755243653456753;0.4220693733532408;-0.8960334651473176;-0.2233550948933487;-0.8999339949785579;0.0415059322373712;0.8161206078482734;0.9980223496181158;-0.5482375812343805;-0.7455935429713691;0.8322942583204065;0.1047660969388502;-0.7541907629592379;-0.031303234506165234;-0.5936198844981719;0.18061938259202615;-0.1311753386643899;0.9126102272433765;0.6874081309674716;
nw=nw=nw=nw=

lw-lw-lw-lw-
-0.8711619744209553;0.1538551612172292;0.4057402113480575;0.630393667590367;-0.5720341983589599;-0.5834136513308343;0.4343485259810098;-0.4334893485843683;0.416199022671629;-0.12342208949653966;0.17586519225059183;-0.8105221067882415;-0.9055576987066982;0.08105105345905828;-0.813676740743231;
nw=nw=nw=nw=
-0.3852742421839028;-0.48767494298245473;0.5363515457803949;0.33219467215955256;-0.9123871341848215;0.6072174195356732;-0.8053357911099286;0.893224721265008;0.9776008250436004;-0.6780011937413681;0.5105351179758424;0.10913798502645866;-0.3303895036111535;0.5712795453549322;0.184744234479167;
nw=nw=nw=nw=
-0.26958592306429985;-0.036966020694058965;0.24380503626649963;-0.30618364318496094;0.8663663662577428;0.7273898182294409;0.05939283934935369;-0.9987472919034124;0.8220162273889589;-0.7762544982974711;-0.14340125105484014;-0.7105895638470077;0.03059495673470569;-0.8982371518062324;0.3681367985766224;
nw=nw=nw=nw=
0.03187672415996645;-0.08043403669684035;0.8306211011250699;-0.28786986266540504;0.6572440325470625;-0.37748774026089515;0.17152712126884628;-0.09339475416295762;0.8927383452022617;-0.9707588025717191;0.06293606851754707;0.7718089768846175;0.3341340748467714;-0.9779240783117025;0.5648787650873472;
nw=nw=nw=nw=

lw-lw-lw-lw-

____
-0.4130611888676736;
nb=nb=nb=nb=
-0.2077525987402593;
nb=nb=nb=nb=
-0.11956803467971278;
nb=nb=nb=nb=
-0.954172307948739;
nb=nb=nb=nb=
-0.06610343630548576;
nb=nb=nb=nb=
-0.34052000704194363;
nb=nb=nb=nb=
0.3412489589525347;
nb=nb=nb=nb=
-0.15502426349518683;
nb=nb=nb=nb=
0.4217609257986761;
nb=nb=nb=nb=
0.34755782924848444;
nb=nb=nb=nb=
0.8789082020859105;
nb=nb=nb=nb=
0.44844957544816966;
nb=nb=nb=nb=
0.9099040664121711;
nb=nb=nb=nb=
0.0730030765590266;
nb=nb=nb=nb=
-0.08825169503425956;
nb=nb=nb=nb=

lb-lb-lb-lb-
0.15683343241940317;
nb=nb=nb=nb=
-0.061054055457643974;
nb=nb=nb=nb=
0.8680570248129194;
nb=nb=nb=nb=
-0.16015667857284788;
nb=nb=nb=nb=

lb-lb-lb-lb-
