0.4294862049367041;0.818510199565764;0.7284877397081717;-0.772680992919214;-0.8714583569214138;0.8062643950070452;0.5265335843947863;0.5655310655281138;-0.993450064388433;0.07948382959580158;-0.9356949215554347;0.924468059082604;-0.8698756730490806;-0.7257311110905664;-0.2197969472687924;-0.554214545005757;0.6231724568532633;0.07231194080223746;0.631168300072517;0.47713101604845476;0.9205995313096949;-0.3169000941503688;0.5739338925235022;0.5308147095289248;
nw=nw=nw=nw=
-0.31117734916228;0.6503039680046565;0.40636021568075353;-0.8394011377303969;0.7566320104234747;-0.6870590240096093;-0.5969400568546688;-0.9129269287724164;-0.18447234703613824;-0.32506311261271637;0.08186335250531585;0.18646692490298156;0.0453760989610561;0.7104719689710588;-0.11651682686264175;-0.2794839052285456;-0.567579345519905;0.7091872780511412;0.224375872379303;-0.43948445265029745;-0.0870672303398532;-0.42277169094931755;0.03308541780899432;0.5743097865198536;
nw=nw=nw=nw=
-0.9725297173569021;-0.813393977857918;0.8173380480751498;0.6938318664899092;0.6413988471265948;0.44849760942884;-0.29618849300747585;-0.9271948273881727;0.4786294535610909;-0.10475678609948869;0.4210806780777214;-0.5212160752872295;-0.7910063836760306;-0.24787584182297095;-0.13741736839378138;0.658193375061557;0.7615606802252572;-0.42286764938389654;0.23682595024622177;0.019150037509851003;-0.052608587026274245;-0.5637288591869827;-0.28075478525180486;0.015551034889451865;
nw=nw=nw=nw=
0.7061734984935661;0.25928399990479867;0.5362507440051314;-0.03630106767443442;0.6312165164289298;-0.6447236032180015;0.20542888421669847;0.3518814567115336;0.4430568986729544;0.8010965788353861;-0.9074886175660253;0.27934934179375515;-0.42085240576305405;0.46493978670724156;-0.2570376398889791;-0.8226869432371355;-0.2786250805808699;-0.6164549071914187;0.04229450283070446;0.3457036829138169;0.8746628108621646;-0.8780677454941936;-0.3753650145960272;-0.7970127506802249;
nw=nw=nw=nw=
0.3771952604771678;-0.09862320374473765;0.0002473702765886099;0.26075926819267004;0.2813781601050167;-0.411659766604936;0.5909963177835125;0.8831822464277559;-0.8092759584625409;0.6100582971792317;-0.3195413768445885;0.3553340162216905;0.2802793903876155;-0.28907313019421976;-0.7216890125392454;-0.53599632916957;0.931063038033269;0.8507629922449431;0.5638280334440471;0.6077507136369111;0.8871910225293234;0.7092612888440393;-0.8116717010459078;-0.04818029829790382;
nw=nw=nw=nw=
-0.2466992124431493;0.9351316799843024;-0.4844079546419189;0.48499754143845375;-0.15455842660304353;-0.20179826043084637;-0.6804903398030102;-0.897668198181597;0.26334510250894505;-0.28378886435546447;0.5715529438412827;0.1789685680644153;0.14923137332151448;0.0698727690951888;-0.6069331962374034;-0.6079146663274999;0.5529368723039367;-0.7754674153580867;-0.6110899328521526;0.9287436578098303;0.11864166761710337;-0.7218164000997591;0.13728355467666709;-0.7960709846710419;
nw=nw=nw=nw=
0.6981920077040138;0.977938575002105;-0.7840209707871595;-0.5100767037167688;-0.5344296936159756;-0.32588653002708945;-0.5954008218208013;-0.9601590780336595;-0.45852876100013074;0.9658736149520508;-0.6612204536328936;-0.27762440534460553;-0.8873180971048777;0.9559309720041012;0.31669804539008295;0.9465441534047261;-0.6918972593521744;-0.6083232578107518;0.9226656597377096;-0.7414265846442782;0.38758073772023205;0.06865207248134242;0.5750731765265766;-0.7072968203600545;
nw=nw=nw=nw=
0.0729739146405346;-0.5835390206088864;0.6118278702771813;-0.4933813576454762;-0.2307654130070691;0.21005323834667644;-0.29367163260874696;-0.8904167629259352;0.6111301099225304;-0.6793239006596565;-0.06737194587859974;-0.39015935563607074;-0.8009849627800723;-0.09804120389832649;-0.7952154310334896;-0.9312612842960348;-0.7616726686962942;0.4892252356008646;0.9330678513965396;-0.7211092445829344;0.2357152857172009;-0.6839380200019611;0.28365270722556035;-0.3740442387589853;
nw=nw=nw=nw=
0.7382942479133423;-0.8105788186171701;-0.23111480856485578;0.9965938861606649;-0.4165670410974889;0.5807863050655766;0.9727799078458361;-0.2513457996773023;0.4169259854904195;-0.10110870926578719;-0.5114531071994921;0.9109539262385364;0.7250760431302101;0.8778886945870807;-0.6588257973701146;-0.8505758852619234;-0.9324188851989026;0.5900794756125041;-0.7541713454248724;0.4364610260896227;0.9684205621727782;-0.5041395085892963;-0.8459891558093922;0.8058907967927589;
nw=nw=nw=nw=
0.10373557349440365;0.5298415595270838;0.007426294911466957;-0.9995472754855717;-0.44381254982083185;0.04932881781720022;0.7954021031791327;0.4066036935349504;0.004991709318241;-0.7267491838235804;-0.3399747751074591;-0.06228840595813345;0.6863608309780329;-0.34164968232776305;-0.36586081426262207;-0.8847247103575542;0.1560350969012454;-0.8271453612943962;0.12218069779699325;-0.661795362880869;0.5316048037367662;-0.9617898294840568;0.2298831853432548;-0.6197956342423017;
nw=nw=nw=nw=
0.7425421400246148;-0.26582893176025646;-0.9416319481291373;0.07289436806394245;0.3555559666590351;-0.7373798768036666;0.6459121606102098;-0.5775793729244802;0.4479046050480562;0.17197538968585757;-0.005839290179873613;0.24282133203934708;-0.07206975615882238;-0.6272338802585324;0.042330428915464235;0.3312028712498911;-0.37230966021137957;0.3559238945568586;0.45322023198186523;-0.6063108547259175;-0.808329483961622;-0.28074197558339375;0.8604381150037241;0.8026993728920391;
nw=nw=nw=nw=
-0.20632709019710394;0.6745912673816759;-0.4529974491165645;0.7219700170991739;-0.24630946179158197;0.03792284181462646;-0.6092509225795193;0.6994212437978735;0.5150416955070443;-0.1959945560846379;-0.0744707998963603;0.3897791196947964;0.33198363058719016;0.3843930751228444;0.9893543938386222;-0.7296287829664456;0.572575763479646;-0.7781318446309746;0.1828846360637777;0.5886668562741044;0.3584219299259235;-0.0038596543313234033;-0.8824418547446966;-0.4337401920972206;
nw=nw=nw=nw=
-0.2716565334471073;-0.9857844240334366;-0.6456510189026055;0.40555617694112156;0.6532671845926379;0.7348669466594533;0.6013302449392284;0.5736103248713937;-0.5914309208466935;-0.7905090593677215;0.6570128453423139;0.4489162573779102;-0.33873095389769015;-0.01946839888741625;-0.21409942304652585;0.575088568137313;0.9721440143674576;-0.37038760753433553;0.32452694968835427;-0.5061939537721121;0.7139230051794803;-0.018491229817239274;0.259721909818067;-0.751061632461286;
nw=nw=nw=nw=
-0.9055795413760699;-0.49545966905873984;-0.38769858626106957;-0.367224320260501;0.6929853477344916;0.8306465790372086;-0.0753906208577848;-0.9975884347126525;0.46728831209824784;0.9093913444569399;-0.6799753255493011;0.9823539033374231;0.7856456681019774;-0.49999543078838404;0.07726755304266719;-0.6749197318672815;0.1989201193327994;-0.7785472226281851;0.47476897899554094;0.5876676499869609;-0.0863562811582661;0.10092943891569717;0.22676793303098575;-0.4769311465290176;
nw=nw=nw=nw=
0.1331794461823983;-0.6536878409801161;0.9662339918998548;0.09939152456286626;-0.8622745308363633;0.9633488875032032;0.03389044406531383;0.3948917986537037;0.14151429477094024;0.5617392194037134;-0.5483702745524375;0.7319062491024311;0.848445108508187;0.17106303220428498;-0.6592741205986743;-0.3612574631283696;0.09753566686891468;0.7498942956306689;-0.6603684916247785;-0.2189480438051672;-0.3997479259911021;-0.1887448619195642;-0.8224174946871081;-0.0631990176786037;
nw=nw=nw=nw=

lw-lw-lw-lw-
0.26961107739176193;-0.9415882722993205;-0.5960208548020403;0.41232703348824673;0.9007053993283507;0.07654335854763716;-0.1334335067761674;-0.7264216098563292;-0.8000929367960192;-0.8434955557224513;0.9290433658488422;-0.4730901897409727;-0.3855452937683006;0.6064232975130912;0.9557025835058204;
nw=nw=nw=nw=
0.6490018537658921;-0.4098507745525122;0.6209575335849515;-0.7952161991484052;0.5421204280770255;-0.2623583604353732;0.5470696012606886;-0.8422743072718881;0.8995329329152253;-0.9500374778895215;0.8075624267008423;0.5439138460326667;0.3244330415430663;-0.31338928231080243;0.9972973188140726;
nw=nw=nw=nw=
-0.8266651057490533;-0.5279106482381677;0.044251320779004066;0.9464288102517129;-0.929326008203418;0.16561283407969074;0.4833834181112282;0.18202693849885243;0.5971700462133704;0.10202351604711057;-0.38098026798564777;0.8791849501488911;0.6587921167146547;0.020494489195291177;0.1492633629049862;
nw=nw=nw=nw=
-0.5204692310259866;-0.9925898495907732;-0.376073564076302;-0.6250440068457173;-0.030445446627666017;-0.09983915490458206;0.0016571294400442582;0.9023078560886564;0.6665260134288891;-0.2815850611688331;-0.979591659353177;-0.6783664983858442;0.6925455868577537;-0.5030456141120683;-0.6745227091379247;
nw=nw=nw=nw=

lw-lw-lw-lw-

____
-0.39751528668337355;
nb=nb=nb=nb=
-0.3488074582778571;
nb=nb=nb=nb=
0.11449849451346572;
nb=nb=nb=nb=
0.25723670354385475;
nb=nb=nb=nb=
0.15819064141017436;
nb=nb=nb=nb=
0.9640437082408917;
nb=nb=nb=nb=
0.7510674571969636;
nb=nb=nb=nb=
-0.6029858957216561;
nb=nb=nb=nb=
-0.46615583186051857;
nb=nb=nb=nb=
0.7949134868831007;
nb=nb=nb=nb=
-0.2081708526608279;
nb=nb=nb=nb=
-0.2261158297799899;
nb=nb=nb=nb=
-0.64722865306632;
nb=nb=nb=nb=
0.5225909250316314;
nb=nb=nb=nb=
-0.4337232604436836;
nb=nb=nb=nb=

lb-lb-lb-lb-
-0.37726665941720494;
nb=nb=nb=nb=
-0.27281297716887254;
nb=nb=nb=nb=
-0.48427349488352656;
nb=nb=nb=nb=
-0.5936302410537497;
nb=nb=nb=nb=

lb-lb-lb-lb-
