0.05885399960588478;0.045244401978562054;-0.9522370179086732;-0.6512479453128153;0.4696363397214207;0.9837100925994247;-0.37087611274942667;0.4385361254298732;-0.104268509888376;-0.8734938932327667;0.930938980577072;0.13838818840656897;0.9700490314849348;-0.3339956014160468;0.35424681600615937;0.9488892322794198;0.6388715615172185;0.5053205853611293;0.06776866636709644;0.1705049167719208;-0.5653793537287692;-0.5003291099183245;-0.6928365068382296;-0.271832112110149;
nw=nw=nw=nw=
0.8983130341789598;0.23307995453640618;0.7622278745870987;0.870963507482891;-0.6069965463683415;-0.9318154459137955;0.5358243443484594;0.15647972016956446;0.8668779229169137;-0.3171177956170834;0.06109645274393616;0.43137265013592696;0.7140287805488608;-0.850849541268097;-0.22782950443293615;-0.5513223090792492;0.6368758409748314;0.24203915979680946;-0.3443451324237623;-0.6622039328009834;0.6360051344838182;0.43223938309878585;-0.9482684556657242;0.1825049966582195;
nw=nw=nw=nw=
-0.9725297173569021;-0.813393977857918;0.8173380480751498;0.6938318664899092;0.6413988471265948;0.44849760942884;-0.29618849300747585;-0.9271948273881727;0.4786294535610909;-0.10475678609948869;0.4210806780777214;-0.5212160752872295;-0.7910063836760306;-0.24787584182297095;-0.13741736839378138;0.658193375061557;0.7615606802252572;-0.42286764938389654;0.23682595024622177;0.019150037509851003;-0.052608587026274245;-0.5637288591869827;-0.28075478525180486;0.015551034889451865;
nw=nw=nw=nw=
0.7061734984935661;0.25928399990479867;0.5362507440051314;-0.03630106767443442;0.6312165164289298;-0.6447236032180015;0.20542888421669847;0.3518814567115336;0.4430568986729544;0.8010965788353861;-0.9074886175660253;0.27934934179375515;-0.42085240576305405;0.46493978670724156;-0.2570376398889791;-0.8226869432371355;-0.2786250805808699;-0.6164549071914187;0.04229450283070446;0.3457036829138169;0.8746628108621646;-0.8780677454941936;-0.3753650145960272;-0.7970127506802249;
nw=nw=nw=nw=
0.3771952604771678;-0.09862320374473765;0.0002473702765886099;0.26075926819267004;0.2813781601050167;-0.411659766604936;0.5909963177835125;0.8831822464277559;-0.8092759584625409;0.6100582971792317;-0.3195413768445885;0.3553340162216905;0.2802793903876155;-0.28907313019421976;-0.7216890125392454;-0.53599632916957;0.931063038033269;0.8507629922449431;0.5638280334440471;0.6077507136369111;0.8871910225293234;0.7092612888440393;-0.8116717010459078;-0.04818029829790382;
nw=nw=nw=nw=
-0.2466992124431493;0.9351316799843024;-0.4844079546419189;0.48499754143845375;-0.15455842660304353;-0.20179826043084637;-0.6804903398030102;-0.897668198181597;0.26334510250894505;-0.28378886435546447;0.5715529438412827;0.1789685680644153;-0.1624010370514446;0.9203231424715319;-0.1575152236772943;0.3005267365949602;0.4729192721987059;0.8394885647302703;-0.5626818391201134;0.6578899964655418;-0.7840195480412759;0.38817118649349025;-0.7603591224857955;0.5097441249472818;
nw=nw=nw=nw=
-0.24261150517074115;0.18412977115398754;0.18526151884451192;0.1868576886393165;-0.9464061166988302;0.15674229517541383;0.1491422684306074;-0.5816920319057308;0.8867302995754776;-0.3714449608998587;-0.830939200443737;0.5067238256303941;-0.0673756737523763;-0.8928363598441493;0.8763914022056267;0.6333588414966915;-0.9432117036300607;-0.5407582719162742;-0.6314485135414905;-0.7414265846442782;0.38758073772023205;0.06865207248134242;0.5750731765265766;-0.7072968203600545;
nw=nw=nw=nw=
0.0729739146405346;-0.5835390206088864;0.6118278702771813;-0.4933813576454762;-0.2307654130070691;0.21005323834667644;-0.29367163260874696;-0.8904167629259352;0.6111301099225304;-0.6793239006596565;-0.06737194587859974;-0.39015935563607074;-0.8009849627800723;-0.09804120389832649;-0.7952154310334896;-0.9312612842960348;-0.7616726686962942;0.4892252356008646;0.9330678513965396;-0.7211092445829344;0.2357152857172009;-0.6839380200019611;0.28365270722556035;-0.3740442387589853;
nw=nw=nw=nw=
0.7382942479133423;-0.8105788186171701;-0.23111480856485578;0.9965938861606649;-0.4165670410974889;0.5807863050655766;0.9727799078458361;-0.2513457996773023;0.4169259854904195;-0.10110870926578719;-0.5114531071994921;0.9109539262385364;0.7250760431302101;0.8778886945870807;-0.6588257973701146;-0.8505758852619234;-0.9324188851989026;0.5900794756125041;-0.7541713454248724;0.4364610260896227;0.9684205621727782;-0.5041395085892963;-0.8459891558093922;0.8058907967927589;
nw=nw=nw=nw=
0.10373557349440365;0.5298415595270838;0.007426294911466957;-0.9995472754855717;-0.44381254982083185;0.04932881781720022;0.7954021031791327;0.4066036935349504;0.004991709318241;-0.7267491838235804;-0.3399747751074591;-0.06228840595813345;0.6863608309780329;-0.34164968232776305;-0.36586081426262207;-0.8847247103575542;0.1560350969012454;-0.8271453612943962;0.12218069779699325;-0.661795362880869;0.5316048037367662;-0.9617898294840568;0.2298831853432548;-0.6197956342423017;
nw=nw=nw=nw=
0.7425421400246148;-0.26582893176025646;-0.9416319481291373;0.07289436806394245;0.3555559666590351;-0.7373798768036666;0.6459121606102098;-0.5775793729244802;0.4479046050480562;0.17197538968585757;-0.005839290179873613;0.24282133203934708;-0.07206975615882238;-0.6272338802585324;0.042330428915464235;0.3312028712498911;-0.37230966021137957;0.3559238945568586;0.45322023198186523;-0.6063108547259175;-0.808329483961622;-0.28074197558339375;0.8604381150037241;0.8026993728920391;
nw=nw=nw=nw=
-0.20632709019710394;0.6745912673816759;-0.4529974491165645;0.7219700170991739;-0.24630946179158197;0.03792284181462646;-0.6092509225795193;0.6994212437978735;0.5150416955070443;-0.1959945560846379;-0.0744707998963603;0.3897791196947964;0.33198363058719016;0.3843930751228444;0.9893543938386222;-0.7296287829664456;0.572575763479646;-0.7781318446309746;0.1828846360637777;0.5886668562741044;0.3584219299259235;-0.0038596543313234033;-0.8824418547446966;-0.4337401920972206;
nw=nw=nw=nw=
0.05026552691596087;-0.9023509994963761;0.956013028034906;0.7731428224692143;-0.4727551028247714;0.2256395249235732;0.5157478296511999;-0.2814969117529791;0.06864272576578845;0.40859120757667755;-0.03586621536989565;-0.4664123028706353;-0.4520173572218864;-0.835380782167757;-0.5783742353379175;0.5743714770546904;0.9566813047762708;0.982078889771274;0.3831115063411934;-0.1084855539042957;0.31325383337584545;-0.18771923045046646;-0.6463658168523325;0.06617972931352822;
nw=nw=nw=nw=
0.9034467927468897;0.6549271917242534;-0.7891237807182012;0.4501686550810695;-0.247715343379447;-0.9722879427823357;0.06713029837164619;0.36763578317440837;-0.42356245309253726;-0.2042807655265213;0.3519822428905415;-0.5323332528309865;-0.3835228094596863;-0.4566546615497231;-0.17692819334526;-0.5179832710024901;0.7109549569535158;-0.9188765875559894;-0.012026269356547381;-0.16069899754074468;-0.9300156770777466;-0.8463244310184055;0.7135248518420496;-0.4769311465290176;
nw=nw=nw=nw=
0.24354453788785335;-0.040895534097557196;0.7832899971618312;0.7037288473920316;0.7163379815531512;-0.7037749619485627;0.0028150166107547836;0.4888716579989043;0.2348957620853791;0.7805428202205527;-0.5903000034682826;-0.10358307459082639;-0.47216106814545356;0.6068461309480997;-0.977750490248223;0.8971995070185592;-0.5182322952853626;0.20241668980140903;0.8408838294658534;0.1461439196860237;0.9155113983713998;0.5033771997064047;-0.9695453485828565;-0.9718150516799349;
nw=nw=nw=nw=

lw-lw-lw-lw-
-0.4937634895704375;-0.7964166823436258;0.5110893056662162;0.41232703348824673;0.9210004655011144;-0.8731399350663152;-0.9586946758427506;-0.6040118708749924;0.13503605833429466;-0.02769569976062125;-0.8915317872111037;-0.9358948329688777;0.8386961669819155;-0.2606864639144626;-0.2315131964365369;
nw=nw=nw=nw=
0.9011323101223325;0.5113593169215624;-0.8370192265662149;-0.6428992118046692;-0.4690321438911904;0.6664987610964228;-0.9875219754282287;-0.5499543323009075;-0.7525375199139106;0.41609510365157143;0.5641082143790548;0.631777055009114;-0.9714341116898797;0.13477644227263674;0.3950185046958903;
nw=nw=nw=nw=
0.5413005180210495;-0.7829360680474622;-0.24291972366830183;0.007902077255613316;0.9136033684137759;-0.9470687425823485;-0.2313138486789763;-0.314424988978963;0.5971700462133704;0.10202351604711057;-0.38098026798564777;0.8121063003284028;-0.2663249963721226;0.714880812636906;-0.8220055338081169;
nw=nw=nw=nw=
0.7139309398702649;0.2831378511316396;0.92576418269337;0.6439623827873047;-0.7632300778686636;-0.45979744500256725;-0.9847068314344127;0.9023078560886564;0.6665260134288891;-0.2815850611688331;-0.05504475132485043;0.4393315985738395;0.9508630616250424;-0.5030456141120683;-0.3029494945718574;
nw=nw=nw=nw=

lw-lw-lw-lw-

____
-0.050605734716386186;
nb=nb=nb=nb=
-0.3485047750786432;
nb=nb=nb=nb=
-0.8651886562992162;
nb=nb=nb=nb=
0.25723670354385475;
nb=nb=nb=nb=
-0.8620699088563881;
nb=nb=nb=nb=
0.7316729022602895;
nb=nb=nb=nb=
-0.8056859719334084;
nb=nb=nb=nb=
-0.6029858957216561;
nb=nb=nb=nb=
-0.2800622347088493;
nb=nb=nb=nb=
-0.7392042853392216;
nb=nb=nb=nb=
-0.09163326901229185;
nb=nb=nb=nb=
-0.2261158297799899;
nb=nb=nb=nb=
0.8741790606079343;
nb=nb=nb=nb=
0.2858925200919511;
nb=nb=nb=nb=
0.17265131561114733;
nb=nb=nb=nb=

lb-lb-lb-lb-
-0.8587486736533927;
nb=nb=nb=nb=
0.3373750319849276;
nb=nb=nb=nb=
0.06129242728002149;
nb=nb=nb=nb=
-0.7987865569473551;
nb=nb=nb=nb=

lb-lb-lb-lb-
