0.30309286601695673;0.6742328018520647;-0.3461489531556097;-0.8425590230762916;-0.24339621779296028;-0.5541235518522947;-0.5167453366495827;0.13082966629804238;-0.8612251727039273;0.7873348688604203;0.9323922457308875;0.5045248015096417;-0.9855446563902988;-0.33634752016334946;0.2635114650363366;-0.04204316556154053;-0.9240335639413833;-0.5190009411306944;0.19862922488040846;-0.9783749740354215;-0.3348179936205924;-0.703958412595769;-0.623505324934629;0.4848188451981166;
nw=nw=nw=nw=
-0.8559016836446196;-0.2927352336549689;0.02587701706980905;0.5342448973719345;-0.041983870788615096;-0.506966760096307;0.4821908388375473;0.15647972016956446;0.8668779229169137;-0.3171177956170834;0.06109645274393616;0.43137265013592696;0.7140287805488608;-0.850849541268097;-0.22782950443293615;-0.5513223090792492;0.6368758409748314;0.24203915979680946;-0.3443451324237623;-0.6622039328009834;0.6360051344838182;0.43223938309878585;-0.9482684556657242;0.1825049966582195;
nw=nw=nw=nw=
-0.9725297173569021;-0.813393977857918;0.8173380480751498;0.6938318664899092;0.6413988471265948;0.44849760942884;-0.29618849300747585;-0.9271948273881727;0.4786294535610909;-0.10475678609948869;0.4210806780777214;-0.5212160752872295;-0.7910063836760306;-0.24787584182297095;-0.13741736839378138;0.658193375061557;0.7615606802252572;-0.42286764938389654;0.23682595024622177;0.019150037509851003;-0.052608587026274245;-0.5637288591869827;-0.28075478525180486;0.015551034889451865;
nw=nw=nw=nw=
0.7061734984935661;0.25928399990479867;0.5362507440051314;-0.03630106767443442;0.6312165164289298;-0.6447236032180015;0.20542888421669847;0.3518814567115336;0.4430568986729544;0.8010965788353861;-0.9074886175660253;0.27934934179375515;-0.42085240576305405;0.46493978670724156;-0.2570376398889791;-0.8226869432371355;-0.2786250805808699;-0.6164549071914187;0.04229450283070446;0.3457036829138169;0.8746628108621646;-0.8780677454941936;-0.3753650145960272;-0.7970127506802249;
nw=nw=nw=nw=
0.3771952604771678;-0.09862320374473765;0.0002473702765886099;0.26075926819267004;0.2813781601050167;-0.411659766604936;0.5909963177835125;0.8831822464277559;-0.8092759584625409;0.6100582971792317;-0.3195413768445885;0.3553340162216905;0.2802793903876155;-0.28907313019421976;-0.7216890125392454;-0.53599632916957;0.931063038033269;0.8507629922449431;0.5638280334440471;0.6077507136369111;0.8871910225293234;0.7092612888440393;-0.8116717010459078;-0.04818029829790382;
nw=nw=nw=nw=
-0.2466992124431493;0.9351316799843024;-0.4844079546419189;0.48499754143845375;-0.15455842660304353;-0.20179826043084637;-0.6804903398030102;-0.897668198181597;-0.07644803124706478;0.1686006080990603;0.45494481095293726;0.4064923749536089;0.8292773183662157;-0.3257537597184348;-0.27181572523605113;-0.5383134458056087;0.5529368723039367;-0.7754674153580867;-0.6110899328521526;0.9287436578098303;0.11864166761710337;-0.7218164000997591;0.13728355467666709;-0.7960709846710419;
nw=nw=nw=nw=
0.6981920077040138;0.977938575002105;-0.7840209707871595;-0.5100767037167688;-0.5344296936159756;-0.32588653002708945;-0.5954008218208013;-0.9601590780336595;-0.45852876100013074;0.9658736149520508;-0.6612204536328936;-0.27762440534460553;-0.8873180971048777;0.9559309720041012;0.31669804539008295;0.9465441534047261;-0.6918972593521744;-0.6083232578107518;0.9226656597377096;-0.7414265846442782;0.38758073772023205;0.06865207248134242;0.5750731765265766;-0.7072968203600545;
nw=nw=nw=nw=
0.0729739146405346;-0.5835390206088864;0.6118278702771813;-0.4933813576454762;-0.2307654130070691;0.21005323834667644;-0.29367163260874696;-0.8904167629259352;0.6111301099225304;-0.6793239006596565;-0.06737194587859974;-0.39015935563607074;-0.8009849627800723;-0.09804120389832649;-0.7952154310334896;-0.9312612842960348;-0.7616726686962942;0.4892252356008646;0.9330678513965396;-0.7211092445829344;0.2357152857172009;-0.6839380200019611;0.28365270722556035;-0.7512112776188993;
nw=nw=nw=nw=
0.21350756739294874;-0.010417174597100676;0.30416967204720446;0.43221415861950985;-0.9210426241430922;-0.8521521457442509;-0.1763951231448324;-0.7385946635782077;0.34670241228786347;-0.5622084778800922;-0.2527088651667324;0.04389686688534411;-0.4177540513504323;0.6023596528007917;0.03509227061400866;-0.6366252343621852;0.8339543576144994;0.7020682908928981;-0.7980022852744568;0.6774577718659731;-0.2824844741819619;0.6350732695130574;-0.48111264078331284;0.8058907967927589;
nw=nw=nw=nw=
0.10373557349440365;0.5298415595270838;0.007426294911466957;-0.9995472754855717;-0.44381254982083185;0.04932881781720022;0.7954021031791327;0.4066036935349504;0.004991709318241;-0.7267491838235804;-0.3399747751074591;-0.06228840595813345;0.6863608309780329;-0.34164968232776305;-0.36586081426262207;-0.8847247103575542;0.1560350969012454;-0.8271453612943962;0.12218069779699325;-0.661795362880869;0.5316048037367662;-0.9617898294840568;0.2298831853432548;-0.6197956342423017;
nw=nw=nw=nw=
0.7425421400246148;-0.26582893176025646;-0.9416319481291373;0.07289436806394245;0.3555559666590351;-0.7373798768036666;0.6459121606102098;-0.5775793729244802;0.4479046050480562;0.17197538968585757;-0.005839290179873613;0.24282133203934708;-0.07206975615882238;-0.6272338802585324;0.042330428915464235;0.3312028712498911;-0.37230966021137957;0.3559238945568586;0.45322023198186523;-0.6063108547259175;-0.808329483961622;-0.28074197558339375;0.8604381150037241;0.8026993728920391;
nw=nw=nw=nw=
-0.20632709019710394;0.6745912673816759;-0.4529974491165645;0.7219700170991739;-0.24630946179158197;0.03792284181462646;-0.6092509225795193;0.6994212437978735;0.5150416955070443;-0.1959945560846379;-0.0744707998963603;0.3897791196947964;0.33198363058719016;0.3843930751228444;0.9893543938386222;-0.7296287829664456;0.572575763479646;0.22764595661965914;0.8888392919318384;0.5499610652407081;0.8234440459916932;0.18960155044114213;0.9794831177829451;0.9163056879732834;
nw=nw=nw=nw=
-0.2966848528731614;-0.23970108630078224;-0.20907271964410978;0.03256045647788319;-0.5347384489827038;-0.7953139058642669;0.7832393546023919;0.4220800654443033;0.7657269155120769;-0.041381350015502916;-0.13552252374145302;0.27957976722184186;-0.640400958235325;0.4439658263921771;-0.7334341878190669;0.08785194721858924;-0.2812516367729909;-0.6631749433627301;-0.20418839887838258;-0.9525803274385491;0.5875592545155575;0.9781725436726121;-0.5806953274359883;-0.249941730801726;
nw=nw=nw=nw=
0.04657061108426741;-0.2863622506444634;-0.8573634425723098;-0.1101413432679883;0.5196124948645124;-0.8842958588775796;-0.6115940673992639;0.7911034671834734;-0.7897715489859318;-0.4420563174390195;0.9391692902920097;-0.43557406789252506;0.808463522871778;-0.8978921293874043;-0.7425290893218368;-0.16631782172727472;-0.07354313439762605;0.29775131586713566;-0.6038267578954095;-0.08775019493111103;-0.6060135203107202;0.002289314338456805;-0.37379856306096304;-0.11935845464540673;
nw=nw=nw=nw=
0.20963734197226613;0.8311024501254967;0.3909022996214;-0.5180447122213041;-0.8994912274877069;0.9633488875032032;0.03389044406531383;0.8638235533660452;0.4485011872343949;0.012530481031274743;-0.7903517573197747;0.8737043776731601;0.9102534893221821;-0.6199587736329986;-0.6043424224047493;0.7693331041796319;0.8651307968892614;-0.154457453624131;0.20327067754057904;0.45503760129318604;-0.03696658502693473;0.0827525339079882;0.4350976548687886;0.07194819939622654;
nw=nw=nw=nw=

lw-lw-lw-lw-
-0.4937634895704375;-0.7964166823436258;0.5110893056662162;-0.8682688090844675;0.9210004655011144;-0.8731399350663152;-0.9586946758427506;-0.6040118708749924;0.13503605833429466;-0.02769569976062125;-0.8915317872111037;-0.4730901897409727;-0.3855452937683006;0.6064232975130912;-0.2315131964365369;
nw=nw=nw=nw=
0.5184179484244593;-0.6473059479939451;0.24904338131131643;0.7619175643435361;-0.5115004118901929;0.781574303924288;0.8964406538710081;0.6853036214353887;0.3857558625168862;0.3560753282170217;0.043371654000845306;-0.44852817990878524;-0.07345754641281665;0.9984820605187212;-0.5083230189915284;
nw=nw=nw=nw=
-0.8864532207616886;-0.3188283638002942;0.8969826921937447;0.15119522955116804;0.4993318110390541;-0.22930770959163982;0.8953508649004056;0.5513063318890983;0.7223554941956907;0.10202351604711057;-0.38098026798564777;0.8791849501488911;0.6587921167146547;0.020494489195291177;0.1492633629049862;
nw=nw=nw=nw=
-0.5204692310259866;-0.9925898495907732;-0.376073564076302;-0.6250440068457173;-0.030445446627666017;-0.4479647491764074;-0.5978755332704855;0.8778917297871718;0.9680931350950932;-0.4306909889017041;-0.5173633549535661;0.23230187623335619;-0.09875002349834405;0.9979675266829353;0.1062227466526755;
nw=nw=nw=nw=

lw-lw-lw-lw-

____
0.11371837986460687;
nb=nb=nb=nb=
0.2967530431029748;
nb=nb=nb=nb=
-0.8651886562992162;
nb=nb=nb=nb=
0.25723670354385475;
nb=nb=nb=nb=
-0.8408803335951553;
nb=nb=nb=nb=
0.5370026899882865;
nb=nb=nb=nb=
0.7510674571969636;
nb=nb=nb=nb=
0.005307755876844622;
nb=nb=nb=nb=
0.6372967100622158;
nb=nb=nb=nb=
-0.968113923042565;
nb=nb=nb=nb=
-0.09163326901229185;
nb=nb=nb=nb=
-0.5371075649455466;
nb=nb=nb=nb=
0.9233186056876546;
nb=nb=nb=nb=
0.5538459421012332;
nb=nb=nb=nb=
-0.3284269009874554;
nb=nb=nb=nb=

lb-lb-lb-lb-
-0.17941735605258535;
nb=nb=nb=nb=
0.48540754531453234;
nb=nb=nb=nb=
0.7361207526674565;
nb=nb=nb=nb=
-0.8236187569729156;
nb=nb=nb=nb=

lb-lb-lb-lb-
