0.4135966941947533;-0.7590134948034599;-0.289267049189319;-0.9601420718407756;-0.8889018823676138;-0.08495138536944391;0.9958867527295951;0.9539131579159337;0.29727328074771076;-0.8563651405132997;0.03260321005772426;0.527848161246782;-0.5931107709673002;-0.8122736042641758;0.08991335326781047;-0.36117291972725907;0.44028190606314976;-0.13604637641532835;0.943500291418994;0.5754751930840618;-0.717137265603284;-0.5761800286315522;0.3552232045920054;0.8809736904327243;
nw=nw=nw=nw=
-0.13484505489692422;-0.6691220884430633;0.21448945964611932;0.18087549206113662;-0.3808587098108678;-0.8287323028872586;0.5419702333987504;0.3912150713814384;-0.5625628404412575;-0.014321052208432494;0.8138316383956608;-0.04763769114951111;-0.0325925839294392;-0.08745409858342068;-0.21692607979664413;0.6030914652624171;-0.41081058147758265;-0.5653988937780772;0.8519434387075957;0.2608261521430757;0.6105835690854229;0.7887037794180796;-0.22462761866570014;0.6952794673844465;
nw=nw=nw=nw=
-0.4151864780069445;0.8401607457205391;-0.19895768703108851;0.0513263447818435;0.8710539624799762;0.6198890087335787;0.4580960426176657;-0.012029578123639695;0.5611530689765842;-0.21926380131443035;0.46999490091170526;0.5940346552378533;0.517212315744483;-0.26846699901472815;0.2989502188179072;0.4577227365840313;0.945204696682344;0.7351127160200552;0.6978128366192651;-0.19332094703180358;0.07037839486000963;0.7920174866984535;-0.9304093171846115;-0.9535238116457361;
nw=nw=nw=nw=
0.7922966058723508;0.9899917555764737;0.6216050026395941;-0.09687079216571948;-0.7428855724853995;-0.8378910114537457;0.8899917537906996;0.9303762386968379;-0.24388527593159193;0.6318524299495654;0.5268200791880566;-0.4659259362305368;0.7103355155616777;-0.5936118736378322;0.3789071201681389;0.13301429893994676;-0.8531151819989946;-0.9215337511923878;0.8199239276097217;-0.6510362081647025;0.5044822072841959;0.9375719375713687;0.5714704991842452;0.5874276121909625;
nw=nw=nw=nw=
-0.40638388170895645;-0.8480760673872567;0.02002601867512266;-0.8399318158613138;0.22482565008697186;-0.9034689792532;0.5628911722584888;-0.49432108859904056;0.19108984491634962;0.005906512551668186;-0.23527298596563284;0.026965895281794383;0.45858746819307417;-0.7979022830217675;-0.49701339512857357;0.15901641189537696;-0.8952991910106805;0.7718626503221251;0.46880384409248865;-0.4751902962845278;-0.7813672864052017;0.5418461745546992;0.05722699353285532;0.33553718724431625;
nw=nw=nw=nw=
-0.41680127947704904;0.8531928808441351;-0.515159623038089;-0.3138543914920342;0.001095673973735778;-0.8633628587502489;-0.42535873891434073;-0.5519449686545317;-0.5823973363048482;0.29168335575564064;0.8438480427287964;0.3469959771177069;0.3746779741944948;0.7425322024742698;-0.36228985600862096;-0.6198868890231621;-0.08514731561837507;0.897254836740073;-0.1689188103399777;-0.1312832486659159;-0.6767848210413141;0.5446363363729005;0.752583262106252;-0.3069324229604531;
nw=nw=nw=nw=
-0.05622035635170053;-0.24301623564861696;0.4309526512188775;-0.10451422800705612;-0.7384832993650272;0.5903190665894638;-0.840346201194828;-0.42974859788169995;0.8797434396322343;0.9050660386587224;-0.2813531113711092;-0.26840564185684146;0.5011598836622042;-0.4644304498638858;0.16296278610585202;-0.6921708286557915;-0.003404751312101162;-0.5602356237883126;-0.7774144649044885;-0.1860838658808004;-0.23106431684944995;0.7700681462089165;0.8482258506497244;0.8416978421298524;
nw=nw=nw=nw=
0.7998812462360589;0.7249592951558905;-0.6412215618151467;-0.14846127197795678;-0.7022135358238288;-0.08731551577799657;0.48971342664659945;0.6572161816475406;0.9440781872525414;0.5057297440340469;0.9330616212387537;0.20064625646095124;0.9478015922942551;-0.024764269334391464;-0.3820246516718393;-0.8479303996425218;0.06167265610533357;-0.09597735333694235;-0.8488378358215607;0.733104590645681;0.5182440613966741;0.2836978142813893;0.48273615178542495;-0.13283607296594013;
nw=nw=nw=nw=
-0.6283830390531908;0.06558298830241704;-0.2236097914195636;0.14360748784909783;0.3730003566109925;-0.5657361513114818;-0.6094978805022875;0.5787541480033958;-0.07553054935920112;0.9889303029028922;-0.1441547297191852;-0.4194339467324961;0.1435513069969121;0.9455084031633665;-0.5225935627387686;-0.5705074787699111;0.15644369124895818;-0.425384279633944;-0.030632441495124896;0.9444657696931238;0.9583077070298038;-0.3148377780059688;0.029658910350952805;-0.7096347488829386;
nw=nw=nw=nw=
-0.04596176983722011;0.04295520256209828;-0.8478519476726096;0.835737157162932;0.06708220983346513;-0.3860405012839774;-0.2591712985724868;0.3952484301322807;0.7553497638163544;0.8457912608171965;-0.662661315283853;-0.9093279737883868;-0.35417430395771343;-0.11270941572365545;-0.29460079661980076;0.9820054690306328;0.40746690621337023;0.5054660998030147;0.32985991285940064;-0.9700506905751958;-0.141988114988715;0.8174678494510745;0.7444001128096365;0.4074169582963689;
nw=nw=nw=nw=
0.6636357874663885;-0.4976142535557262;0.8315931019338452;0.13127451517969857;0.5585087404924833;0.47562369866964294;-0.5465504423468759;0.2870547248721951;-0.8600296088970965;0.5515292593141574;0.9113129790087677;-0.7223238902607414;0.5719114523517344;-0.02809959305646692;-0.9342635294936661;0.4050576623121338;0.8383855949416432;0.4614033496420893;0.8232543809384492;0.8956069303668108;0.4756311759472416;-0.025832954465705882;0.9238755162927776;-0.5401469327876687;
nw=nw=nw=nw=
0.1563662192938926;0.6143744237468982;-0.04311584769536325;0.4386328076946324;-0.1608634087824885;-0.5354783339565017;0.7750142565590703;-0.837253849594948;-0.407994882505607;0.4558052046826535;0.8971496981802125;0.6936677687658694;0.13694978869621144;-0.6887535736368369;0.866803122110112;0.02435795698576726;0.5812124363014526;-0.9494603907293562;0.4783269069066136;-0.5252728397778677;-0.15193599561197146;0.2347474505859306;-0.10830747079657033;0.5291777188921747;
nw=nw=nw=nw=
-0.8701537700116788;0.552576594584038;-0.6653858484462021;0.4250540354600536;-0.6382239457293617;0.6914383802461497;0.08323897329118757;-0.8044684643235278;-0.4276772535671658;0.11513142384909503;0.33480210693339574;-0.4548544909746335;0.17217449243113037;0.12764059293258345;0.1548595426658712;0.9596237840874688;0.11675351214353635;0.6289803675777104;0.5634785580662225;-0.046947888334949894;0.008568392992168938;-0.42576596391875454;-0.6734711115837331;-0.7113474806677902;
nw=nw=nw=nw=
-0.15063970646996916;-0.24532685228436613;-0.7185531895657025;-0.94379165887408;0.1534238359689959;0.6341076606004508;-0.7479757238165965;0.979638276727969;-0.909640163202623;0.4604296554358631;0.45444003652416676;-0.7010713424934025;0.9834227565231628;0.39577385814984867;-0.027381130962925937;-0.4367990538020179;0.8615557336286863;-0.5134288829070492;-0.4457824684413074;0.3255846487361562;-0.36180986774762824;-0.1352362257435531;-0.008198283582582455;-0.6108524338487118;
nw=nw=nw=nw=
-0.0765247180911015;0.6320283201251775;0.8280854421908419;0.6778678688543833;0.29728213202109854;0.07126467787250212;-0.7712262798505041;-0.7338357226276497;-0.5623526684908098;-0.004786557776008449;-0.48877274375716095;0.7744913738503065;-0.8096471412581805;0.584893463979957;0.9523805136939039;-0.8128686230806141;-0.49629879032772184;0.2635740999856131;0.04370649254118608;0.5874659366798836;-0.854349374461945;-0.3350583357060013;0.7365028026235916;-0.07430694155153228;
nw=nw=nw=nw=

lw-lw-lw-lw-
-0.11006776608743074;0.3038111985324825;-0.4397075194483744;0.17185979838082677;0.7430878730276771;0.8391042178529244;-0.046178301508070785;0.14521646841381664;-0.8826911640346009;0.9714952974284319;-0.34616516716694123;-0.4837700904447477;-0.9334611637589658;0.8135772772872643;-0.813676740743231;
nw=nw=nw=nw=
-0.3852742421839028;-0.48767494298245473;0.5363515457803949;0.33219467215955256;-0.9123871341848215;0.6072174195356732;-0.8053357911099286;0.893224721265008;0.9776008250436004;-0.6780011937413681;0.5105351179758424;0.10913798502645866;0.6555101941881214;0.5924425619814855;0.184744234479167;
nw=nw=nw=nw=
-0.26958592306429985;-0.036966020694058965;0.24380503626649963;-0.30618364318496094;0.8663663662577428;0.7273898182294409;0.05939283934935369;-0.9987472919034124;-0.7585395757488995;-0.2597103842991104;0.25132455325562497;-0.38627927195941414;0.8275270641260677;0.5257616580001991;0.284791292542214;
nw=nw=nw=nw=
-0.6171892108143289;0.12321619417890606;0.6766889577840496;0.41537567290779864;0.6572440325470625;-0.37748774026089515;0.17152712126884628;-0.09339475416295762;-0.9985123941118441;-0.9707588025717191;0.10663357656339767;0.8998983866550325;-0.4259586339970045;-0.9779240783117025;-0.4503223832487149;
nw=nw=nw=nw=

lw-lw-lw-lw-

____
0.38125420724392156;
nb=nb=nb=nb=
0.28861024941259217;
nb=nb=nb=nb=
0.21044356172799294;
nb=nb=nb=nb=
0.19031519038262856;
nb=nb=nb=nb=
0.008085247909548343;
nb=nb=nb=nb=
-0.839865178720683;
nb=nb=nb=nb=
0.37797938281272403;
nb=nb=nb=nb=
0.5344541955593234;
nb=nb=nb=nb=
0.9548098567307739;
nb=nb=nb=nb=
0.9072854464267;
nb=nb=nb=nb=
0.9336631173596603;
nb=nb=nb=nb=
0.8243196143372928;
nb=nb=nb=nb=
-0.09113630590899868;
nb=nb=nb=nb=
-0.3034435731837448;
nb=nb=nb=nb=
-0.8423911503212405;
nb=nb=nb=nb=

lb-lb-lb-lb-
-0.11459048386201154;
nb=nb=nb=nb=
-0.8769248595845631;
nb=nb=nb=nb=
-0.31491105913036765;
nb=nb=nb=nb=
0.43360249148253116;
nb=nb=nb=nb=

lb-lb-lb-lb-
