0.30309286601695673;0.6742328018520647;-0.3461489531556097;-0.8425590230762916;-0.24339621779296028;-0.5541235518522947;-0.5167453366495827;0.13082966629804238;-0.8612251727039273;0.7873348688604203;0.9323922457308875;0.5045248015096417;-0.9855446563902988;-0.33634752016334946;0.2635114650363366;-0.04204316556154053;-0.9240335639413833;-0.5190009411306944;0.19862922488040846;-0.9783749740354215;-0.3348179936205924;-0.703958412595769;-0.623505324934629;0.4848188451981166;
nw=nw=nw=nw=
-0.8559016836446196;-0.2927352336549689;0.02587701706980905;0.5342448973719345;-0.041983870788615096;-0.506966760096307;0.4821908388375473;0.15647972016956446;0.8668779229169137;-0.3171177956170834;0.06109645274393616;0.43137265013592696;0.7140287805488608;-0.850849541268097;-0.22782950443293615;-0.5513223090792492;0.6368758409748314;0.24203915979680946;-0.3443451324237623;-0.6622039328009834;0.6360051344838182;0.43223938309878585;-0.9482684556657242;0.1825049966582195;
nw=nw=nw=nw=
-0.9725297173569021;-0.813393977857918;0.8173380480751498;0.6938318664899092;0.6413988471265948;0.44849760942884;-0.29618849300747585;-0.9271948273881727;0.4786294535610909;-0.10475678609948869;0.4210806780777214;-0.5212160752872295;-0.7910063836760306;-0.24787584182297095;-0.13741736839378138;0.658193375061557;0.7615606802252572;-0.42286764938389654;0.23682595024622177;0.019150037509851003;-0.052608587026274245;-0.5637288591869827;-0.28075478525180486;0.015551034889451865;
nw=nw=nw=nw=
0.7061734984935661;0.25928399990479867;0.5362507440051314;-0.03630106767443442;0.6312165164289298;-0.6447236032180015;0.20542888421669847;0.3518814567115336;0.4430568986729544;0.8010965788353861;-0.9074886175660253;0.27934934179375515;-0.42085240576305405;0.46493978670724156;-0.2570376398889791;-0.8226869432371355;-0.2786250805808699;-0.6164549071914187;0.04229450283070446;0.3457036829138169;0.8746628108621646;-0.8780677454941936;-0.3753650145960272;-0.7970127506802249;
nw=nw=nw=nw=
0.3771952604771678;-0.09862320374473765;0.0002473702765886099;0.26075926819267004;0.2813781601050167;-0.411659766604936;0.5909963177835125;0.8831822464277559;-0.8092759584625409;0.6100582971792317;-0.3195413768445885;0.3553340162216905;0.2802793903876155;-0.28907313019421976;-0.7216890125392454;-0.53599632916957;0.931063038033269;0.8507629922449431;0.5638280334440471;0.6077507136369111;0.8871910225293234;0.7092612888440393;-0.8116717010459078;-0.04818029829790382;
nw=nw=nw=nw=
-0.2466992124431493;0.9351316799843024;-0.4844079546419189;0.48499754143845375;-0.15455842660304353;-0.20179826043084637;-0.6804903398030102;-0.897668198181597;0.26334510250894505;-0.28378886435546447;0.5715529438412827;0.1789685680644153;0.14923137332151448;0.0698727690951888;-0.6069331962374034;-0.6079146663274999;0.5529368723039367;-0.7754674153580867;-0.6110899328521526;0.9287436578098303;0.11864166761710337;-0.7218164000997591;0.13728355467666709;-0.7960709846710419;
nw=nw=nw=nw=
0.6981920077040138;0.977938575002105;-0.7840209707871595;-0.5100767037167688;-0.5344296936159756;-0.32588653002708945;-0.5954008218208013;-0.9601590780336595;-0.45852876100013074;0.9658736149520508;-0.6612204536328936;-0.27762440534460553;-0.8873180971048777;0.9559309720041012;0.31669804539008295;0.9465441534047261;-0.6918972593521744;-0.6083232578107518;0.9226656597377096;-0.7414265846442782;0.38758073772023205;0.06865207248134242;0.5750731765265766;-0.7072968203600545;
nw=nw=nw=nw=
0.0729739146405346;-0.5835390206088864;0.6118278702771813;-0.4933813576454762;-0.2307654130070691;0.21005323834667644;-0.29367163260874696;-0.8904167629259352;0.6111301099225304;-0.6793239006596565;-0.06737194587859974;-0.39015935563607074;-0.8009849627800723;-0.09804120389832649;-0.7952154310334896;-0.9312612842960348;-0.7616726686962942;0.4892252356008646;0.9330678513965396;-0.7211092445829344;0.2357152857172009;-0.6839380200019611;0.28365270722556035;-0.3740442387589853;
nw=nw=nw=nw=
0.7382942479133423;-0.8105788186171701;-0.23111480856485578;0.9965938861606649;-0.4165670410974889;0.5807863050655766;0.9727799078458361;-0.2513457996773023;0.4169259854904195;-0.10110870926578719;-0.5114531071994921;0.9109539262385364;0.7250760431302101;0.8778886945870807;-0.6588257973701146;-0.8505758852619234;-0.9324188851989026;0.5900794756125041;-0.7541713454248724;0.4364610260896227;0.9684205621727782;-0.5041395085892963;-0.8459891558093922;0.8058907967927589;
nw=nw=nw=nw=
0.10373557349440365;0.5298415595270838;0.007426294911466957;-0.9995472754855717;-0.44381254982083185;0.04932881781720022;0.7954021031791327;0.4066036935349504;0.004991709318241;-0.7267491838235804;-0.3399747751074591;-0.06228840595813345;0.6863608309780329;-0.34164968232776305;-0.36586081426262207;-0.8847247103575542;0.1560350969012454;-0.8271453612943962;0.12218069779699325;-0.661795362880869;0.025366169901062996;-0.869691048990427;-0.6514765976794554;-0.9065033994968779;
nw=nw=nw=nw=
0.7894436248083381;-0.008072566562320693;0.5868483153713271;0.26292736169204267;-0.07736486967437117;-0.4418173845580049;0.4448092765701881;0.4955266501912565;0.33054424642578906;-0.12387064521036906;-0.7948867708516083;-0.9586800727886882;0.8993526229437057;0.763146142157153;0.1712177087749147;-0.817541974113648;0.9895567201466628;-0.7307210971849707;0.9501289784125846;-0.9285132223069799;-0.8545962346305065;-0.2940433531833275;0.8409457145464394;0.7893506170429756;
nw=nw=nw=nw=
0.5046312213628124;0.4146171898196207;0.7846017295083596;-0.8087117370700112;0.7368048538721037;0.7407067207550997;0.5861835449542103;0.0185149004105436;0.42598404007532253;-0.6878153204336712;-0.798231726131825;-0.2519153362882869;0.7113988707940069;0.34830212775738123;0.7989619527549217;0.6973340223835214;-0.3457848961147787;0.22764595661965914;0.8888392919318384;0.5499610652407081;0.8234440459916932;0.700724724560337;-0.05174594030078872;0.9163056879732834;
nw=nw=nw=nw=
-0.2966848528731614;-0.23970108630078224;-0.20907271964410978;0.03256045647788319;-0.5347384489827038;-0.7953139058642669;0.7832393546023919;0.4220800654443033;0.7657269155120769;-0.041381350015502916;-0.13552252374145302;0.27957976722184186;-0.640400958235325;0.4439658263921771;-0.5783742353379175;0.5743714770546904;0.9566813047762708;0.982078889771274;0.3831115063411934;-0.1084855539042957;0.5875592545155575;0.9781725436726121;-0.5806953274359883;-0.249941730801726;
nw=nw=nw=nw=
-0.9055795413760699;-0.49545966905873984;-0.38769858626106957;-0.367224320260501;0.6929853477344916;0.8306465790372086;-0.0753906208577848;-0.9975884347126525;0.46728831209824784;0.9093913444569399;-0.6799753255493011;0.9823539033374231;0.7856456681019774;-0.49999543078838404;0.07726755304266719;-0.6749197318672815;0.1989201193327994;-0.04834385791665019;-0.865680927017269;-0.22900336214374795;0.5261036178863798;0.10092943891569717;0.22676793303098575;-0.1730158384507161;
nw=nw=nw=nw=
0.24354453788785335;-0.040895534097557196;0.7832899971618312;0.7037288473920316;0.07208472193602522;-0.1579316272553526;-0.5401419190170837;0.3948917986537037;0.14151429477094024;0.5617392194037134;-0.5483702745524375;0.7319062491024311;0.848445108508187;0.17106303220428498;-0.6592741205986743;-0.3612574631283696;0.09753566686891468;0.7498942956306689;-0.6603684916247785;0.45503760129318604;-0.03696658502693473;0.0827525339079882;0.4350976548687886;0.07194819939622654;
nw=nw=nw=nw=

lw-lw-lw-lw-
-0.20618196175902614;-0.7964166823436258;0.5110893056662162;-0.8682688090844675;0.9210004655011144;-0.8731399350663152;-0.9586946758427506;-0.6040118708749924;0.13503605833429466;-0.02769569976062125;0.38563577767447677;-0.44358271662992865;-0.7661433265482802;0.6064232975130912;0.9557025835058204;
nw=nw=nw=nw=
-0.5019551165625054;-0.4098507745525122;0.6209575335849515;-0.7952161991484052;0.5421204280770255;-0.2623583604353732;0.5470696012606886;-0.8422743072718881;0.8995329329152253;-0.9500374778895215;0.8075624267008423;0.5439138460326667;0.3244330415430663;-0.31338928231080243;-0.34428829144759376;
nw=nw=nw=nw=
0.027953789034848686;-0.5279106482381677;0.044251320779004066;0.9464288102517129;-0.929326008203418;0.16561283407969074;0.4833834181112282;0.18202693849885243;0.5971700462133704;0.10202351604711057;-0.38098026798564777;0.8791849501488911;0.6587921167146547;0.020494489195291177;0.1492633629049862;
nw=nw=nw=nw=
-0.5204692310259866;-0.9925898495907732;-0.376073564076302;-0.6250440068457173;-0.030445446627666017;0.6152553566600931;-0.8872734557914379;0.3784516290523545;0.7663761930313469;0.34629715465753264;0.04605000076461807;-0.3605920550658206;-0.1925789043600119;-0.8426494601884895;0.1062227466526755;
nw=nw=nw=nw=

lw-lw-lw-lw-

____
0.11371837986460687;
nb=nb=nb=nb=
0.2967530431029748;
nb=nb=nb=nb=
-0.8651886562992162;
nb=nb=nb=nb=
0.25723670354385475;
nb=nb=nb=nb=
-0.8408803335951553;
nb=nb=nb=nb=
0.9640437082408917;
nb=nb=nb=nb=
0.7510674571969636;
nb=nb=nb=nb=
-0.6029858957216561;
nb=nb=nb=nb=
-0.2800622347088493;
nb=nb=nb=nb=
0.38319333792023613;
nb=nb=nb=nb=
0.6480767025449512;
nb=nb=nb=nb=
0.1659787788992113;
nb=nb=nb=nb=
-0.31930465833602617;
nb=nb=nb=nb=
-0.08800320607359446;
nb=nb=nb=nb=
-0.3097718086060559;
nb=nb=nb=nb=

lb-lb-lb-lb-
0.879698218573848;
nb=nb=nb=nb=
0.4235040536841044;
nb=nb=nb=nb=
-0.881727637643452;
nb=nb=nb=nb=
-0.692161517787891;
nb=nb=nb=nb=

lb-lb-lb-lb-
