-0.8826016337359974;0.15368842268682315;-0.5428327165092288;-0.11884481508425004;-0.7802386898444054;0.2434784901378011;-0.9075371655980884;-0.6886599124738997;0.32844643032366716;-0.2905351171165256;0.5795912081768928;0.9343366892148797;-0.8420702027781888;0.17617722072471498;0.7425379600216684;0.8917296418383029;-0.0008440552671991064;-0.3131344954589921;-0.8107620605918713;0.2184865500291575;-0.6001117907671534;0.4988979454533635;-0.3914512158117147;0.29151568109821135;
nw=nw=nw=nw=
0.8414541776677367;-0.7553232627574427;-0.5553235460075097;-0.05797053192121404;0.5185469458511793;0.44826634646246544;0.4749893103626843;0.3030327078332946;0.19712582603396145;-0.08729856761010768;-0.14130307180515178;-0.8611482212917763;0.599850848631301;0.2348144394229006;-0.7142290262562265;0.2421068370189512;-0.9697761889415137;-0.3653174322464434;0.5473334453549008;-0.0659222342507162;-0.1274998078147278;-0.5180334519149017;0.5542711753806258;-0.5426447759966135;
nw=nw=nw=nw=
-0.052429887795629515;-0.34602781268062577;-0.2909867337429448;0.9636770915814974;0.823064603838332;-0.836381619857441;0.5972631151366414;0.5605784630520814;0.6661466999169199;-0.166933077084364;-0.6143757108513537;-0.6073647239480382;0.01846434349222492;0.5447032971560517;0.5103027293848297;0.7052815934638133;-0.1329910265072367;-0.8821314242563638;-0.433128384924824;0.17278858412749254;0.9826722522612068;-0.6977571888668237;-0.5130134668255293;-0.9535238116457361;
nw=nw=nw=nw=
0.7922966058723508;0.9899917555764737;0.6216050026395941;-0.09687079216571948;-0.7428855724853995;-0.8378910114537457;0.8899917537906996;0.9303762386968379;-0.24388527593159193;0.6318524299495654;0.5268200791880566;-0.4659259362305368;0.7103355155616777;-0.5936118736378322;0.3789071201681389;0.7603487403056115;0.5694153873383163;-0.13034401978921872;0.3459426910291383;0.06161315471569573;0.4607862188852181;0.675553242507881;0.5928014521538063;-0.7366585264192964;
nw=nw=nw=nw=
-0.4401309725435891;-0.5956638722808576;0.8615196707128359;-0.0759826328230846;0.22482565008697186;-0.9034689792532;0.5628911722584888;-0.49432108859904056;0.19108984491634962;0.005906512551668186;-0.23527298596563284;0.026965895281794383;0.45858746819307417;-0.7979022830217675;-0.49701339512857357;0.15901641189537696;-0.8952991910106805;0.7718626503221251;0.46880384409248865;-0.4751902962845278;-0.7813672864052017;0.5418461745546992;0.05722699353285532;0.33553718724431625;
nw=nw=nw=nw=
-0.41680127947704904;0.8531928808441351;-0.515159623038089;-0.3138543914920342;0.001095673973735778;-0.8633628587502489;-0.42535873891434073;-0.5519449686545317;-0.5823973363048482;0.29168335575564064;0.8438480427287964;0.3469959771177069;0.3746779741944948;0.7425322024742698;-0.36228985600862096;-0.6198868890231621;-0.08514731561837507;0.897254836740073;-0.1689188103399777;-0.1312832486659159;-0.6767848210413141;0.5446363363729005;0.752583262106252;-0.3069324229604531;
nw=nw=nw=nw=
-0.05622035635170053;-0.24301623564861696;0.4309526512188775;-0.10451422800705612;-0.7384832993650272;0.5903190665894638;-0.840346201194828;-0.42974859788169995;0.8797434396322343;0.9050660386587224;-0.2813531113711092;-0.26840564185684146;0.5011598836622042;-0.4644304498638858;0.16296278610585202;-0.6921708286557915;-0.003404751312101162;-0.5602356237883126;-0.7774144649044885;-0.1860838658808004;-0.23106431684944995;0.7700681462089165;0.8482258506497244;0.8416978421298524;
nw=nw=nw=nw=
0.7998812462360589;0.7249592951558905;-0.6412215618151467;-0.14846127197795678;-0.7022135358238288;-0.08731551577799657;0.48971342664659945;0.6572161816475406;0.9440781872525414;0.5057297440340469;-0.6727962899181703;-0.33704244633125646;-0.6493581622987854;-0.012356599340058283;-0.3820246516718393;-0.8479303996425218;0.06167265610533357;-0.09597735333694235;-0.8488378358215607;0.733104590645681;0.5182440613966741;0.2836978142813893;0.48273615178542495;-0.13283607296594013;
nw=nw=nw=nw=
-0.6283830390531908;0.06558298830241704;-0.08266177889871473;-0.6749604818906723;0.9495614002738548;0.6291985085323453;-0.27096562244824995;-0.6134378717384745;0.7997973941198586;-0.5587027093544044;0.4035917088095333;0.345118587988239;-0.7888143688688434;-0.986091384113186;0.6908434702994835;-0.4560721264608396;-0.9963203517767734;-0.9499876394447828;0.9766326224779167;-0.636618723980013;0.256666015962703;-0.30483896572073377;-0.6726676072636739;-0.5883796896343716;
nw=nw=nw=nw=
-0.042949444160883976;-0.2973739667564519;0.12966466731966153;0.16756984421143484;0.9899704800579916;-0.8322175566822492;-0.05410971941014675;0.7090645251957728;-0.7802333563905417;-0.22953703425126526;0.6710002758502007;0.5979679849653381;0.12048781488931626;0.492727121278669;-0.42266021845259494;0.1170496027302752;0.41943630828733247;-0.8040602586071379;0.2797745045804303;0.6586792453150421;-0.5364717939526404;-0.8207548436032877;0.07296751401339252;-0.5552719873312539;
nw=nw=nw=nw=
-0.017185764927745595;-0.19816778812395963;-0.5497958064376811;-0.7382419033389813;-0.9224053042579112;0.2105907025352265;-0.2850003479799812;0.285171005361722;-0.37894140557285216;0.004978563507358702;-0.5728718970230582;0.8709902985806588;0.7694385389457012;0.32300031230135207;-0.5306209147129459;0.8213357771934942;-0.7394536331576722;-0.4503460713063199;-0.7115346877368838;-0.2866576878987781;0.4894195653918334;-0.8051314362529949;-0.2852694312121502;0.9842244766049211;
nw=nw=nw=nw=
0.022375084962666936;0.7553015947841304;0.43801363854383113;0.8682891108367985;-0.35549838259034217;0.8891003651882188;0.12622697489848655;-0.2061407470934591;0.7971932637497408;0.9547159342440075;-0.2952953568248191;0.08640488582534589;-0.36762314952262853;-0.5059305357401276;-0.20151162078405127;0.35170978548307175;-0.68352143262869;0.223842051528923;0.9409908311761002;-0.06849143866480989;0.44031622175341045;0.2347474505859306;-0.10830747079657033;0.5291777188921747;
nw=nw=nw=nw=
-0.8701537700116788;0.552576594584038;-0.6653858484462021;0.4250540354600536;-0.6382239457293617;0.6914383802461497;0.08323897329118757;-0.8044684643235278;-0.4276772535671658;0.11513142384909503;0.33480210693339574;-0.4548544909746335;0.17217449243113037;0.12764059293258345;0.1548595426658712;0.9596237840874688;0.11675351214353635;0.6289803675777104;0.5634785580662225;-0.046947888334949894;0.008568392992168938;-0.42576596391875454;-0.6734711115837331;-0.7113474806677902;
nw=nw=nw=nw=
-0.15063970646996916;-0.24532685228436613;-0.7185531895657025;-0.94379165887408;0.1534238359689959;0.6341076606004508;-0.7479757238165965;0.979638276727969;-0.909640163202623;0.4604296554358631;0.45444003652416676;-0.7010713424934025;0.9834227565231628;0.39577385814984867;-0.027381130962925937;-0.4367990538020179;0.8615557336286863;-0.5134288829070492;-0.4457824684413074;0.3255846487361562;-0.36180986774762824;0.6441207816985726;-0.008198283582582455;-0.6108524338487118;
nw=nw=nw=nw=
-0.7412204412365575;-0.8430075841746147;0.11491205303690188;0.24084768098962384;0.8637735858021505;0.6664953299882277;0.5690622940068981;-0.515228287864204;-0.008018380247887924;-0.6573319839782237;-0.16384786210921232;-0.7570620110443858;0.9980223496181158;-0.5482375812343805;-0.7455935429713691;0.8322942583204065;0.1047660969388502;-0.7541907629592379;-0.031303234506165234;-0.5936198844981719;0.18061938259202615;-0.1311753386643899;0.9126102272433765;0.6874081309674716;
nw=nw=nw=nw=

lw-lw-lw-lw-
-0.6413021935895806;0.1538551612172292;0.4057402113480575;0.630393667590367;-0.5720341983589599;-0.5834136513308343;-0.6071875306818486;0.024716139140166016;-0.11283472672422556;-0.12342208949653966;0.17586519225059183;-0.8105221067882415;-0.9055576987066982;0.08105105345905828;-0.060412162552774706;
nw=nw=nw=nw=
-0.3852742421839028;-0.48767494298245473;0.5363515457803949;0.33219467215955256;-0.9123871341848215;0.6072174195356732;-0.8053357911099286;0.893224721265008;0.9776008250436004;-0.6780011937413681;0.5105351179758424;0.10913798502645866;0.6555101941881214;0.5924425619814855;0.184744234479167;
nw=nw=nw=nw=
-0.26958592306429985;-0.036966020694058965;0.24380503626649963;-0.30618364318496094;0.8663663662577428;0.7273898182294409;0.05939283934935369;-0.9987472919034124;0.8220162273889589;-0.7762544982974711;-0.14340125105484014;-0.4015376200854186;0.8623698804304087;-0.43976301434950926;0.6341873851006761;
nw=nw=nw=nw=
-0.07817112972322171;-0.4505375089100958;0.4387814674123962;0.26575093339299993;0.6515420667553442;0.8466952623233048;0.17152712126884628;-0.09339475416295762;-0.9985123941118441;-0.9707588025717191;0.06293606851754707;0.7718089768846175;0.11423272176924604;-0.9779240783117025;0.5648787650873472;
nw=nw=nw=nw=

lw-lw-lw-lw-

____
0.31273762867711197;
nb=nb=nb=nb=
0.5839355320732178;
nb=nb=nb=nb=
-0.6890078285758099;
nb=nb=nb=nb=
0.37995737324516754;
nb=nb=nb=nb=
-0.07710584345459348;
nb=nb=nb=nb=
-0.507441938879706;
nb=nb=nb=nb=
-0.7768034757250684;
nb=nb=nb=nb=
-0.0020447167632065;
nb=nb=nb=nb=
0.34260475527179524;
nb=nb=nb=nb=
-0.8490928406166838;
nb=nb=nb=nb=
0.5848562047824273;
nb=nb=nb=nb=
0.1400065473434393;
nb=nb=nb=nb=
-0.6466812874060863;
nb=nb=nb=nb=
-0.5919688476123477;
nb=nb=nb=nb=
-0.9849980590083747;
nb=nb=nb=nb=

lb-lb-lb-lb-
-0.9765749382695408;
nb=nb=nb=nb=
-0.4657949320076631;
nb=nb=nb=nb=
0.2669530579297812;
nb=nb=nb=nb=
0.03745016165601123;
nb=nb=nb=nb=

lb-lb-lb-lb-
