-0.8826016337359974;0.15368842268682315;-0.5428327165092288;-0.11884481508425004;-0.9407858874661055;-0.9623944804814846;0.9132149137202976;0.05893833088655298;0.6242885152952102;0.20052967389601783;-0.9245324576499248;-0.9094898829300198;-0.9649462407258036;-0.5906367700810125;-0.050247659280878265;0.4757825088194769;0.7569811296137996;-0.7724697994871947;0.1186465517520876;0.5379873344467185;0.31530578247358676;0.824827279278435;0.4034244378268308;0.022208274999967248;
nw=nw=nw=nw=
0.6424379172025545;0.6600261749467298;-0.2328841929119383;0.36107023952899975;0.937561937783475;0.9695617611951772;0.22042901974043683;0.625671257823093;-0.6193918418741746;0.31243699022442417;-0.6209883334533894;0.38217647594809057;0.599850848631301;0.2348144394229006;-0.7142290262562265;0.2421068370189512;-0.9697761889415137;-0.3653174322464434;0.5473334453549008;-0.0659222342507162;-0.1274998078147278;-0.5180334519149017;0.5542711753806258;-0.5426447759966135;
nw=nw=nw=nw=
-0.052429887795629515;-0.34602781268062577;-0.2909867337429448;0.9636770915814974;0.823064603838332;-0.836381619857441;0.5972631151366414;0.5605784630520814;0.6661466999169199;-0.166933077084364;-0.6143757108513537;-0.6073647239480382;0.01846434349222492;0.5447032971560517;0.5103027293848297;0.7052815934638133;-0.1329910265072367;-0.8821314242563638;-0.433128384924824;0.17278858412749254;0.9826722522612068;-0.6977571888668237;-0.5130134668255293;-0.9535238116457361;
nw=nw=nw=nw=
0.7922966058723508;0.9899917555764737;0.6216050026395941;-0.09687079216571948;-0.7428855724853995;-0.8378910114537457;0.8899917537906996;0.9303762386968379;-0.24388527593159193;0.6318524299495654;0.5268200791880566;-0.4659259362305368;0.7103355155616777;-0.5936118736378322;0.3789071201681389;0.7603487403056115;0.5694153873383163;-0.13034401978921872;0.3459426910291383;0.06161315471569573;0.4607862188852181;0.675553242507881;0.5928014521538063;-0.7366585264192964;
nw=nw=nw=nw=
-0.4401309725435891;-0.5956638722808576;0.8615196707128359;-0.0759826328230846;0.22482565008697186;-0.9034689792532;0.5628911722584888;-0.49432108859904056;0.19108984491634962;0.005906512551668186;-0.23527298596563284;0.026965895281794383;0.45858746819307417;-0.7979022830217675;-0.49701339512857357;0.15901641189537696;-0.8952991910106805;0.7718626503221251;0.46880384409248865;-0.4751902962845278;-0.7813672864052017;0.5418461745546992;0.05722699353285532;0.33553718724431625;
nw=nw=nw=nw=
-0.41680127947704904;0.8531928808441351;-0.515159623038089;-0.3138543914920342;0.001095673973735778;-0.8633628587502489;-0.42535873891434073;-0.5519449686545317;-0.5823973363048482;0.29168335575564064;0.8438480427287964;0.3469959771177069;0.3746779741944948;0.7425322024742698;-0.36228985600862096;-0.6198868890231621;-0.08514731561837507;0.897254836740073;-0.1689188103399777;-0.1312832486659159;-0.6767848210413141;0.5446363363729005;0.752583262106252;-0.3069324229604531;
nw=nw=nw=nw=
-0.05622035635170053;-0.24301623564861696;0.4309526512188775;-0.10451422800705612;-0.7384832993650272;0.5903190665894638;-0.840346201194828;-0.42974859788169995;0.8797434396322343;0.9050660386587224;-0.2813531113711092;-0.26840564185684146;0.5011598836622042;-0.4644304498638858;0.16296278610585202;-0.6921708286557915;-0.003404751312101162;-0.5602356237883126;0.09333423792397011;0.3777670683097216;-0.5827938809633508;-0.9396008076448961;0.30790116806671497;0.12836915542121918;
nw=nw=nw=nw=
0.7112515041479919;-0.7664360035767748;-0.005372033471936044;-0.9762896298105883;-0.1659269870566744;0.4652755963417936;-0.1813099800367779;-0.3557974552593217;-0.17675882787563246;-0.6109267472018631;-0.580377195584832;0.9711858216997618;0.07851210093930683;0.5904626209734658;-0.47418571731989245;0.20062025390559612;0.8857794897076572;-0.7066654998896194;-0.6558375687784157;0.4934210618980335;0.6370158958799661;-0.7227714914177141;-0.1481903047760671;0.35032905432926675;
nw=nw=nw=nw=
-0.6283830390531908;0.06558298830241704;-0.2236097914195636;0.14360748784909783;0.3730003566109925;-0.5657361513114818;-0.6094978805022875;-0.6796782234291343;-0.02066563316150649;0.6674039753007994;-0.11790864828886471;-0.29970686833947213;0.9249836085603813;0.5069545493563414;0.011165447782485405;0.5268366992842315;-0.4179982496284169;-0.47264819918403145;0.8205760256509822;0.6937110025092588;-0.004012909026887446;-0.022929503780481753;0.5553476696802417;0.1560074274054588;
nw=nw=nw=nw=
0.20779976476121198;-0.15890852277896883;0.44578520775045605;0.44657996174118963;0.7735827478071966;-0.7413370853980128;0.5320266981651454;0.8096022092111956;0.7397695047719788;0.25081359285258475;-0.719841232591677;0.4099966374865591;0.5069515470922079;0.4409661647778893;0.1691636572424029;-0.1544477381439462;-0.9087376439134998;0.7848740592866756;0.3695420334849062;-0.014760239191509816;0.8541144201069109;-0.9283247026230761;0.0031203646934860885;-0.21887816773739588;
nw=nw=nw=nw=
0.5091466453731217;-0.2914370274185203;-0.8627492339901284;-0.3753232601823322;-0.6078342548972511;-0.8249224990389725;-0.17703074839536637;-0.008865961007811007;-0.8479163818662623;0.6697247900836905;-0.8853098133484321;0.24495695373401594;0.14136911575186262;0.24083721313777628;0.7668846301904497;-0.4002785718957673;0.8617518737257126;-0.4469821425122458;0.2598544768396811;0.1408712998737187;0.6725096339963801;0.6039895106041875;-0.08667201228811416;0.0153439794915593;
nw=nw=nw=nw=
-0.2689231235682621;0.09064942853252855;-0.9020432371983123;0.5644063427549493;-0.8657092233936543;-0.9187222654470566;-0.37665074749227756;-0.47160083209668224;-0.6986558869044586;0.7844601067240238;0.6187242422181483;-0.8519002842076131;0.8419923873913393;0.07467492299932843;-0.03736348165635506;0.8802009359857053;0.32072384249881036;-0.5701956361449985;0.7204246874094717;-0.5412363672831073;0.22283316239767714;-0.5314164688577372;0.7756499859245325;0.8453203212832643;
nw=nw=nw=nw=
-0.017063835578946307;0.039280923039996196;0.9781007513393016;-0.07099695795801808;0.3511819784188779;-0.46473440372631325;0.08323897329118757;-0.8044684643235278;-0.4276772535671658;0.11513142384909503;0.33480210693339574;-0.4548544909746335;0.17217449243113037;0.12764059293258345;0.1548595426658712;0.9596237840874688;0.11675351214353635;0.6289803675777104;0.5634785580662225;-0.046947888334949894;0.008568392992168938;-0.42576596391875454;-0.6734711115837331;-0.7113474806677902;
nw=nw=nw=nw=
-0.15063970646996916;-0.24532685228436613;-0.7185531895657025;-0.94379165887408;0.1534238359689959;0.6341076606004508;-0.7479757238165965;0.979638276727969;-0.909640163202623;0.4604296554358631;0.45444003652416676;-0.7010713424934025;0.9834227565231628;0.39577385814984867;-0.027381130962925937;-0.4367990538020179;0.8615557336286863;-0.5134288829070492;-0.4457824684413074;0.3255846487361562;-0.36180986774762824;-0.1352362257435531;-0.008198283582582455;-0.6108524338487118;
nw=nw=nw=nw=
0.5301983190915636;-0.5214059219740832;0.8280854421908419;0.6778678688543833;0.29728213202109854;0.07126467787250212;-0.8712277625030327;-0.21367163743787376;-0.9430643266118266;0.9792263247848618;-0.404542445717919;0.6465473198435352;0.4817457245249257;0.32278671364080513;-0.6947056123944917;-0.11463204868696497;0.2726190620437121;-0.23660032932066088;-0.031303234506165234;-0.5936198844981719;0.18061938259202615;-0.1311753386643899;0.9126102272433765;0.6874081309674716;
nw=nw=nw=nw=

lw-lw-lw-lw-
-0.8711619744209553;0.1538551612172292;0.4057402113480575;0.630393667590367;-0.5720341983589599;-0.5834136513308343;0.4343485259810098;-0.4334893485843683;0.416199022671629;-0.12342208949653966;0.17586519225059183;-0.8105221067882415;-0.9055576987066982;0.08105105345905828;-0.060412162552774706;
nw=nw=nw=nw=
-0.3852742421839028;-0.48767494298245473;0.5363515457803949;0.33219467215955256;-0.9123871341848215;0.6072174195356732;-0.8053357911099286;0.893224721265008;0.9776008250436004;-0.6780011937413681;0.5105351179758424;0.10913798502645866;0.6555101941881214;0.5924425619814855;0.184744234479167;
nw=nw=nw=nw=
0.19567966251243885;-0.33106029587448815;-0.752187944676687;-0.18692544209147566;0.5488495132021176;-0.2665118929895878;0.1306298845504481;-0.5766213376039586;0.9082148309365472;0.3889755692168626;0.9267554511580844;-0.38627927195941414;0.8275270641260677;0.5257616580001991;0.909516413305155;
nw=nw=nw=nw=
0.4061701287778581;-0.9250466833035396;0.4387814674123962;0.41537567290779864;0.6572440325470625;-0.37748774026089515;0.17152712126884628;-0.09339475416295762;-0.9985123941118441;-0.9707588025717191;0.06293606851754707;0.7718089768846175;0.11423272176924604;-0.9779240783117025;0.5648787650873472;
nw=nw=nw=nw=

lw-lw-lw-lw-

____
-0.15148992317233412;
nb=nb=nb=nb=
-0.29340840331129914;
nb=nb=nb=nb=
-0.3982388201257987;
nb=nb=nb=nb=
-0.954172307948739;
nb=nb=nb=nb=
0.022574479854655438;
nb=nb=nb=nb=
-0.34052000704194363;
nb=nb=nb=nb=
0.08020689369214828;
nb=nb=nb=nb=
0.5561410685939361;
nb=nb=nb=nb=
-0.6509786551630761;
nb=nb=nb=nb=
-0.6347968064742711;
nb=nb=nb=nb=
0.8187507823229672;
nb=nb=nb=nb=
0.7040670878936173;
nb=nb=nb=nb=
0.6775082675601849;
nb=nb=nb=nb=
0.8008913082794384;
nb=nb=nb=nb=
0.4937265703618663;
nb=nb=nb=nb=

lb-lb-lb-lb-
0.7116974509109544;
nb=nb=nb=nb=
-0.9397159676112361;
nb=nb=nb=nb=
-0.9631070188608213;
nb=nb=nb=nb=
0.16200013243425504;
nb=nb=nb=nb=

lb-lb-lb-lb-
