0.05885399960588478;0.045244401978562054;-0.9522370179086732;-0.6512479453128153;0.4696363397214207;0.9837100925994247;-0.37087611274942667;0.4385361254298732;-0.104268509888376;-0.8734938932327667;0.930938980577072;0.13838818840656897;0.9700490314849348;-0.3339956014160468;0.35424681600615937;0.9488892322794198;0.6388715615172185;0.5053205853611293;0.06776866636709644;0.1705049167719208;-0.5653793537287692;0.5069097554562723;0.27965210833872756;-0.7003293834292452;
nw=nw=nw=nw=
-0.5911510616308042;0.2695832987821587;0.39912688489895976;-0.8886402746205657;0.7853070712724521;-0.5301505338846955;-0.16875466621243418;0.2488304447338614;-0.15835819419747144;0.8007029315908245;-0.9717059017616334;0.43399476321045527;-0.14469575479848729;-0.32210950419663353;0.22503685079549274;-0.2539088169642556;0.3953035384913266;0.55585909465166;0.224375872379303;-0.43948445265029745;-0.0870672303398532;-0.42277169094931755;0.03308541780899432;0.5743097865198536;
nw=nw=nw=nw=
-0.9725297173569021;-0.813393977857918;0.8173380480751498;0.6938318664899092;0.6413988471265948;0.44849760942884;-0.29618849300747585;-0.9271948273881727;0.4786294535610909;-0.10475678609948869;0.4210806780777214;-0.5212160752872295;-0.7910063836760306;-0.24787584182297095;-0.13741736839378138;0.658193375061557;0.7615606802252572;-0.42286764938389654;0.23682595024622177;0.019150037509851003;-0.052608587026274245;0.20316731271374477;-0.526180992313052;0.38759764313175493;
nw=nw=nw=nw=
-0.8426836942867879;-0.44513853429946537;-0.9657629854119292;0.7097372429729409;-0.1328981295117484;0.014198561790279562;-0.15832043077500102;0.33445400764891553;-0.6701632387788148;0.015692201909672576;0.12216833847789155;-0.7419440845404939;-0.11054376340847227;-0.6334273315368875;-0.7331929179536041;0.5324689685231236;-0.3791602772929452;0.6828731276729039;-0.004540312559483395;0.06199720025381339;-0.2544715717937065;0.3482999357466767;0.46081851568544296;0.27247106479219063;
nw=nw=nw=nw=
0.0758333843643515;0.7737458724179911;0.6789769378631021;-0.33735253188837855;0.6686042205321521;0.7397899276116313;-0.831190923502559;-0.09169702193140261;0.525090080466251;0.7938510526462923;0.03443554165061635;0.8361267018533847;-0.5799786924402943;-0.23893933797193467;-0.6391680494001903;0.6109309248386405;0.8578108653103411;0.9593023557126801;-0.019688254649745884;-0.07303734082392865;-0.594869728966823;0.9577921965940208;-0.4695183208824991;-0.2160455354732933;
nw=nw=nw=nw=
-0.9139103560722348;0.4705592726887824;-0.15736104085741243;0.3600979881404487;-0.6706066569133551;-0.7208368980356905;0.4460648983804958;0.9134655971656482;-0.3188552946955525;-0.5351728761529493;-0.9802807891413479;-0.4384024727918796;-0.9911860280716496;-0.7840593969354297;-0.3405044021160015;-0.856357287992136;-0.7476366946699788;-0.6669722836122356;0.8721856490396536;-0.47511819879296335;0.4657894769904982;0.3286707361476351;0.5140924402874918;0.07954517981906006;
nw=nw=nw=nw=
0.6223130029921939;0.18295383369619422;-0.9995032189466904;-0.8972047246351953;-0.15903191829105512;0.9125773034750775;-0.538099983149313;0.014626496266559652;0.33465664112403526;-0.9415858084178634;0.328953710552341;-0.7111563771641447;0.5064033870178386;-0.35876564912716;0.16767177538470235;-0.7544119790834496;0.9704628535320212;-0.22769216648241497;-0.6270740805083623;0.31158103578825824;-0.5503392008161259;0.3505957766627772;0.378302846895588;0.5450358822588544;
nw=nw=nw=nw=
0.7902917976233348;-0.1672071815856564;0.29936208713940715;0.9763748302146691;0.21780045327962827;0.9280706326061292;0.8756447198944712;-0.24156001947595152;0.6674285728417315;-0.26755209370281596;-0.9980922592698389;-0.7613012250370719;-0.443149620684808;-0.19667852222767834;0.8878690092355075;-0.5023669276846148;-0.7660670490197687;0.6306080978293214;0.43307475420597696;-0.25328421176904237;-0.20471323603533698;0.6611315928656796;-0.8578548625635343;0.7831605779312782;
nw=nw=nw=nw=
0.9283817882833401;-0.439931364614482;0.8853642879999748;-0.9090828296966689;-0.8033521706392099;0.2504986404553582;-0.10404276825176728;-0.08934590303492773;0.4467940021868002;0.4480439104284306;0.4303035441571512;0.4341987077024816;-0.4177540513504323;0.6023596528007917;0.03509227061400866;-0.6366252343621852;0.8339543576144994;0.7020682908928981;-0.7980022852744568;0.6774577718659731;-0.2824844741819619;0.6350732695130574;-0.48111264078331284;0.8058907967927589;
nw=nw=nw=nw=
0.10373557349440365;0.5298415595270838;0.007426294911466957;-0.9995472754855717;-0.44381254982083185;0.04932881781720022;0.7954021031791327;0.4066036935349504;0.004991709318241;-0.7267491838235804;-0.3399747751074591;-0.06228840595813345;0.6863608309780329;-0.34164968232776305;-0.36586081426262207;-0.8847247103575542;0.1560350969012454;-0.8271453612943962;0.12218069779699325;-0.661795362880869;0.5316048037367662;-0.9617898294840568;0.2298831853432548;-0.6197956342423017;
nw=nw=nw=nw=
0.7425421400246148;-0.26582893176025646;-0.9416319481291373;0.07289436806394245;0.3555559666590351;-0.7373798768036666;0.6459121606102098;0.4955266501912565;0.33054424642578906;-0.12387064521036906;-0.7948867708516083;-0.9586800727886882;0.8993526229437057;0.763146142157153;0.1712177087749147;-0.817541974113648;0.9895567201466628;-0.7307210971849707;0.9501289784125846;-0.9285132223069799;-0.8545962346305065;-0.2940433531833275;0.8409457145464394;0.7893506170429756;
nw=nw=nw=nw=
0.6230781194494555;-0.6279265127233564;-0.8973610106045036;-0.9401020102474318;-0.6886693777984252;-0.9980721425183761;0.2088310460086138;-0.7025811110369198;-0.18120739750030723;0.7035584036937721;0.7092536111989212;0.9467381714380534;-0.9924901721463524;0.3843930751228444;0.9893543938386222;-0.7296287829664456;0.572575763479646;-0.7781318446309746;0.1828846360637777;0.5886668562741044;0.3584219299259235;-0.0038596543313234033;-0.8824418547446966;-0.4337401920972206;
nw=nw=nw=nw=
-0.2966848528731614;-0.23970108630078224;-0.20907271964410978;0.03256045647788319;-0.5347384489827038;-0.7953139058642669;0.7832393546023919;0.4220800654443033;0.7657269155120769;-0.041381350015502916;-0.13552252374145302;0.27957976722184186;-0.640400958235325;0.4439658263921771;-0.7334341878190669;-0.19275892156540775;-0.5201968016661482;-0.02737027515814927;-0.4263913716871228;-0.9408670342789016;0.27526112141163717;-0.4582856060306182;-0.3400836794512796;-0.249941730801726;
nw=nw=nw=nw=
0.04657061108426741;-0.2863622506444634;-0.8573634425723098;-0.1101413432679883;0.5196124948645124;-0.8842958588775796;-0.6115940673992639;0.7911034671834734;-0.7897715489859318;-0.4420563174390195;0.9391692902920097;-0.43557406789252506;0.808463522871778;-0.8978921293874043;-0.7425290893218368;-0.16631782172727472;-0.07354313439762605;0.29775131586713566;-0.6038267578954095;-0.08775019493111103;-0.6060135203107202;0.002289314338456805;-0.37379856306096304;-0.11935845464540673;
nw=nw=nw=nw=
0.24354453788785335;-0.040895534097557196;0.7832899971618312;0.7037288473920316;0.07208472193602522;-0.1579316272553526;-0.5401419190170837;-0.07963449117832755;-0.9140423470777459;0.7481739832698573;-0.6923861232387376;0.8737043776731601;0.9102534893221821;-0.6199587736329986;-0.6043424224047493;0.7693331041796319;0.6913994625326907;0.10848526207850617;0.8408838294658534;0.1461439196860237;0.9155113983713998;0.5033771997064047;-0.9695453485828565;-0.9718150516799349;
nw=nw=nw=nw=

lw-lw-lw-lw-
-0.4937634895704375;-0.7964166823436258;0.5110893056662162;-0.8682688090844675;0.9210004655011144;-0.8731399350663152;-0.9586946758427506;-0.6040118708749924;0.13503605833429466;-0.02769569976062125;-0.8915317872111037;-0.4730901897409727;-0.3855452937683006;0.6064232975130912;-0.2315131964365369;
nw=nw=nw=nw=
0.5184179484244593;-0.6473059479939451;0.24904338131131643;0.7619175643435361;-0.5115004118901929;0.781574303924288;0.8964406538710081;0.6853036214353887;0.3857558625168862;0.3560753282170217;0.043371654000845306;-0.44852817990878524;-0.07345754641281665;0.9984820605187212;-0.5083230189915284;
nw=nw=nw=nw=
-0.8864532207616886;-0.3188283638002942;0.8969826921937447;0.15119522955116804;0.4993318110390541;-0.22930770959163982;0.8953508649004056;0.5513063318890983;0.7223554941956907;-0.12221312433811571;0.09620463621669062;-0.43432977578336485;0.6035645063241013;0.020494489195291177;0.1492633629049862;
nw=nw=nw=nw=
-0.5204692310259866;-0.9925898495907732;-0.376073564076302;-0.6250440068457173;-0.030445446627666017;-0.4479647491764074;-0.5978755332704855;0.8778917297871718;0.9680931350950932;-0.4306909889017041;-0.5173633549535661;0.23230187623335619;-0.8103883709141106;0.08995633627695976;-0.3029494945718574;
nw=nw=nw=nw=

lw-lw-lw-lw-

____
-0.9753940586053116;
nb=nb=nb=nb=
0.30072877081905025;
nb=nb=nb=nb=
-0.56468563842126;
nb=nb=nb=nb=
-0.14265990381531535;
nb=nb=nb=nb=
-0.6111964213918282;
nb=nb=nb=nb=
0.8301517434401524;
nb=nb=nb=nb=
0.5898769403337307;
nb=nb=nb=nb=
-0.9927901562000012;
nb=nb=nb=nb=
0.5944951013212898;
nb=nb=nb=nb=
-0.968113923042565;
nb=nb=nb=nb=
-0.834020264971234;
nb=nb=nb=nb=
-0.43374374027633267;
nb=nb=nb=nb=
0.37994177498880277;
nb=nb=nb=nb=
-0.7693776430544708;
nb=nb=nb=nb=
0.0202562877795196;
nb=nb=nb=nb=

lb-lb-lb-lb-
-0.7520644948787953;
nb=nb=nb=nb=
0.37827439693257037;
nb=nb=nb=nb=
0.1270753263456157;
nb=nb=nb=nb=
0.9517211700356647;
nb=nb=nb=nb=

lb-lb-lb-lb-
