-0.058951755135840944;-0.5739387907120617;0.42636506596303736;0.6495043367009603;-0.7236425353602316;-0.7070315207206312;-0.2046089310300434;-0.19486236847977234;-0.5559986114743143;-0.3703288666821858;0.8771963715929565;0.6782412206012565;0.8632468457918756;-0.30998514387383924;0.8219672815894572;0.07247292872488487;-0.06505758784592142;0.6252735832797742;-0.006055583399875886;0.0981201200073909;0.9194179597277654;-0.7476533086448227;0.3767697644452237;0.9121821082232497;
nw=nw=nw=nw=
0.18171350365738892;0.255573133516803;0.7558576725243449;0.7870820028969348;-0.11797523752148376;-0.22794405613037516;-0.9856124761178153;0.07541566690061874;-0.5751709555883189;-0.18941840825613587;-0.47964759615821584;0.5226425157221763;-0.26410388053363;0.12268896457040679;0.6014582451568127;-0.536929626753814;0.8477801130405518;0.9373784420711342;0.9282550123962487;-0.6040510080633164;-0.8127044286269278;0.7224268221277812;-0.33481789367010584;0.7862515978318805;
nw=nw=nw=nw=
-0.2574125961749576;0.8180950844220052;-0.17066796330845513;-0.38510500904335765;0.8795491988336135;0.48488280938198547;-0.12929644442751398;-0.8794935206354233;0.7563544822143078;0.6409324215759318;0.36088378192313164;0.46294037715918424;0.552889967741911;0.5339511341673655;-0.023279455525582193;-0.4935477304899909;0.6262611719891338;-0.11568994495384244;-0.6456950935551824;0.742297038465292;0.22449494920019886;0.3189276050283363;0.3475072450903527;0.9022251692918914;
nw=nw=nw=nw=
0.8048497384686684;0.21024121979305233;0.21158618519978;-0.4679500415715885;0.017996418005703507;0.06804908351385497;-0.118010076947618;-0.14337791595874605;-0.6673745020194135;0.25148366150707324;0.7107664825838647;0.364948848423406;-0.6747214863884008;-0.02252400483292316;-0.31535020343692644;-0.6869242169659324;-0.5162238232208867;0.49422763074343923;0.16007812413019562;-0.7047338539405075;0.1014336797297144;-0.42726705161118206;0.6954757618143084;-0.6776834601785746;
nw=nw=nw=nw=
-0.7195358403501808;-0.2542852318151907;-0.9573702412430685;0.5583708261121889;0.785233693915071;0.10089302121253318;-0.6543880462130547;0.27774099101460514;0.9257565353615729;0.4589780596044706;0.669943959909947;0.09614170430325464;-0.8288348658407423;-0.1909847857758471;0.3884632078382966;0.12429682158487454;-0.11903846913021643;-0.4149293616254377;0.5515903051011104;0.7963745142516532;-0.7110997135253809;0.21212117690058085;0.008208133092694636;-0.37378196739395153;
nw=nw=nw=nw=
0.050405097027138135;0.551718270335771;0.2537893987263842;0.5791319669944304;-0.979694555120125;0.6765176770861399;-0.3592795361484795;-0.2516674755909645;0.5635494623420727;-0.4486765718549526;-0.8384624866791113;-0.49741307522033895;0.5577851280928761;0.21510032136155233;0.8058524726830045;-0.045930292774955195;-0.7374569559069171;0.5400199138665345;0.47974027963687416;0.23509349410880964;0.8266567974323651;0.9263659574298722;-0.2567623488092947;0.5945596190000522;
nw=nw=nw=nw=
0.14171073645666143;-0.03431157256319661;0.5311382634814164;0.11966389975991487;0.761412940471921;-0.5660328074569709;-0.2258091073364017;-0.7476976709181173;-0.9988217625730225;0.24538791802324234;0.5928344987358796;0.268636336498018;0.20472884335601282;0.9944172478202149;-0.15178915196119513;0.3372108437815906;0.14369525031945352;-0.2893308200396205;-0.44486692489216395;-0.9216618729941373;-0.39500487612062196;-0.6788546695920963;0.07749430850968286;0.40053393687529426;
nw=nw=nw=nw=
0.22928011675347237;0.320692101011959;-0.18226617796511824;-0.28970659811082666;0.962157050574767;-0.7340489688860043;-0.4544881211043119;-0.9806020701981448;0.6190558759003106;0.4898219556175665;0.3437343431376896;0.7129071811555843;0.6993566146950971;-0.7553074547866836;-0.507079189972083;0.9553267379838064;0.5762939439720238;0.9871135584341011;-0.2199791462596279;-0.8872383801764128;-0.5574003532672522;0.768852318436092;0.7842725111637319;0.942571411808897;
nw=nw=nw=nw=
0.3372955387723138;0.14407831328669363;-0.41541105415706925;-0.9333973154287198;0.8777017060370544;-0.9739741906655124;0.46207039922879867;0.5682538031853035;-0.10945790455034499;0.20890572742674918;0.6378362256132861;-0.3481806567026715;0.28074692896554665;-0.981798443088091;0.8712565732269713;0.6007655154722784;0.07599764447242663;-0.1473675799990546;0.5003563738060735;0.26973941893008724;-0.9496879620988283;-0.46825713774337285;0.5889536305278056;0.45853376591732475;
nw=nw=nw=nw=
-0.6863878516004385;0.35274954800542546;-0.5754366287773678;0.9816068028437364;-0.33963541872525305;-0.18671355744889118;-0.26523797136549687;0.5535720026609834;0.9397631438722263;-0.8709347892548487;0.8657985571551201;-0.9497554903347325;0.20897016703812432;-0.2595965958110795;0.6769600380106575;-0.1183001303717619;0.22791627245405377;0.7516745756862184;-0.28576618895050143;0.757065215478975;-0.30597139337237;0.2610497621267931;-0.4739855019837056;0.14783327212646213;
nw=nw=nw=nw=
0.7061600073749597;0.0697510449966745;-0.9065829422323404;0.9746242419947786;-0.8238970757473936;-0.4907525358807119;-0.22246574468855962;0.40944498661536954;-0.8020736682989555;0.060141456750867794;0.6869597225554118;-0.3449778836391659;0.6958617784600636;-0.6450253258942162;0.04947194565736268;0.5753254541766522;-0.7058289407406901;-0.9473924551974229;0.5072806229707179;-0.7622160606232196;-0.5151491410472397;0.15845194854783418;-0.45525804700910166;-0.006331414433776272;
nw=nw=nw=nw=
0.6803450798090871;0.265224908254575;-0.8127349079150055;-0.42551861466297813;0.959729549540943;0.41468306673585076;-0.2225483439020901;0.4198175366501362;-0.6414573255441558;0.40932267328437755;-0.16490012776397522;0.11717849985141848;-0.2412940104836414;-0.5685196953791716;0.5101871533180453;-0.15679527476902133;0.3849459868253089;-0.3770674960110074;-0.6328198117842079;0.5752744145314648;0.4269891923541569;-0.26676314203742857;0.7105298654445844;-0.8645219745199988;
nw=nw=nw=nw=
-0.7218856492793793;-0.19644664570223958;-0.24910999741735185;0.6170277305093834;-0.9128819224852607;-0.34807903220384984;-0.8143693725699452;0.2816901478516429;0.5976588743800146;0.18729784755121615;0.7136875004047198;-0.7616896028998696;-0.7521785640519758;-0.04157105154865115;-0.9084733433655972;-0.42002345364681615;0.9181481652507162;-0.8182893011766255;0.21267108768003684;0.44531048977345855;0.7221967339602584;0.46789655914455586;-0.15859162719993658;-0.8417440258254298;
nw=nw=nw=nw=
0.7485672739904643;-0.4660455426335226;-0.13668041910807593;-0.29198638400027455;-0.8105818007115946;0.5845725389465684;-0.0024786930173128496;0.055916358881309636;-0.696019339294581;-0.07694190891434283;-0.5612509938137757;-0.39699601178335975;-0.025679342247274528;-0.0618287003225928;-0.40759194039048685;-0.1134943338820773;0.2803263231563524;-0.9630871838374384;-0.969280102410869;-0.2593922662663628;-0.9213498042678823;0.9573854229989747;-0.7553776680621325;-0.4331697860308408;
nw=nw=nw=nw=
0.8405749873082058;0.644705058198588;0.7174848204488302;0.7480807744041367;-0.428807788777928;-0.9858832069546051;0.94168035462008;-0.37700263464225614;-0.7801928073841249;-0.5159291700324207;-0.559381802565146;0.20628445334898693;-0.4822385502980733;0.6505386968400795;-0.8273673341628776;0.20407501942062578;-0.8421119413423317;-0.8158155176661377;-0.4828731082981663;0.5285513196553191;-0.47733397597437954;0.5530565775734058;-0.43728157183195826;-0.02926526440745758;
nw=nw=nw=nw=

lw-lw-lw-lw-
0.3650133272958038;0.9212021800654029;0.12579741602298466;0.28376314484706633;-0.8312144425768502;-0.09684067851546718;0.4550696703661916;-0.654128357176825;-0.4463497383586612;0.23039799187915921;0.7921542603213634;0.2000967388234951;-0.9646656863287095;-0.8881569412378314;-0.591458733378454;
nw=nw=nw=nw=
-0.9736889615050641;0.22045779578770075;0.5142065465882324;0.5001820346147654;-0.5648302420473108;0.3730345991041417;-0.9366028295933844;-0.6081212631939232;-0.9784049365957199;0.5652816911534775;0.6114444409321083;0.3035818385110829;-0.5570913358686744;0.9164660319847291;0.12379885432134596;
nw=nw=nw=nw=
-0.5097738338402231;-0.2943157629734654;-0.13920816101065947;-0.5022240822828548;0.6422800042820322;0.5878780187139954;-0.468026788803658;0.28364637853715435;0.5610716358286958;-0.14714297937707288;0.46822186945478306;-0.10932034086669451;-0.015823220934465976;0.03285490139433378;-0.19247574536314915;
nw=nw=nw=nw=
-0.8484064485638976;-0.3176071427945877;0.5585572053185122;0.12422892404808183;-0.5118193982275676;-0.9009714592859988;0.3095743611089288;-0.206537583703583;-0.8447781012527844;-0.18207221546129904;0.5821247439635024;-0.5843410674002008;0.6852539897687715;-0.07536061335161381;0.34176178993432393;
nw=nw=nw=nw=

lw-lw-lw-lw-

____
-0.9600378164001235;
nb=nb=nb=nb=
0.8089000713940881;
nb=nb=nb=nb=
-0.8961899962777584;
nb=nb=nb=nb=
-0.17527356610490608;
nb=nb=nb=nb=
0.7757786327737695;
nb=nb=nb=nb=
-0.9180226028602096;
nb=nb=nb=nb=
-0.9071815319914494;
nb=nb=nb=nb=
-0.9412017482469925;
nb=nb=nb=nb=
0.812037484702572;
nb=nb=nb=nb=
-0.7669665696183474;
nb=nb=nb=nb=
-0.8525999905635373;
nb=nb=nb=nb=
-0.20729629143007977;
nb=nb=nb=nb=
-0.04792500828398927;
nb=nb=nb=nb=
0.6470292124026815;
nb=nb=nb=nb=
-0.5159107596651358;
nb=nb=nb=nb=

lb-lb-lb-lb-
-0.02224729061114661;
nb=nb=nb=nb=
0.7075959681145267;
nb=nb=nb=nb=
-0.1786235006746688;
nb=nb=nb=nb=
0.5188325760566566;
nb=nb=nb=nb=

lb-lb-lb-lb-
