0.277905537104155;0.5926175420563426;-0.2315223841370635;0.631902315772557;-0.15036390001086963;-0.15853968234114135;-0.8848764420390218;-0.4314102304944545;-0.17197265376083837;0.16617650206428425;0.46424084420108813;0.5349812413938695;-0.3368988504464254;-0.479001500759906;-0.3874527223906745;0.6385819232279364;-0.20573102717192948;0.947390029727813;0.8794242314451939;0.8646067486495519;0.9547188489986114;-0.8191074517515569;-0.5238385211234795;-0.6003149703720065;
nw=nw=nw=nw=
-0.8419397038585759;0.29641625740160626;0.20952931457923896;-0.42315615346917057;0.7132279753958155;0.6411811585779581;-0.2928242823241811;0.3706270461890777;-0.6367079507042541;-0.022258129495646317;-0.7486903946781063;-0.9841351661489903;0.33521969206290336;0.8753131583169607;-0.9791066894697908;0.988021097205027;-0.1403536599630819;0.7729290852796287;0.6627510554615168;-0.9367250466286969;0.8451625599375754;-0.8101160945143779;-0.16484974581023892;0.6234790989816636;
nw=nw=nw=nw=
-0.5172352140042105;0.7115815510055408;-0.7538804915097927;-0.8691280635451681;0.8749943679909287;-0.8258612655212603;-0.1291216493434333;0.7485872329917571;-0.5509673392874608;-0.4125169649214666;-0.6413430617333569;-0.8125616752194147;-0.29606759647091097;-0.04454400678853632;-0.7756434912269232;0.36293069345555273;0.17497734297310363;-0.73478211571117;-0.45084764365248065;0.9513662966752421;-0.32775756091299635;-0.8253895827303006;-0.14206823658166368;0.4942353959730872;
nw=nw=nw=nw=
0.7460131841269113;-0.5161269661159451;-0.4270767527487922;-0.4201823050761393;0.32239565399829107;0.38819303910110015;0.7333646096802517;0.0636670819171048;0.0513197449807119;-0.49707656159360236;-0.9977133034996715;0.0808567404742615;-0.23018689098151546;-0.5964802991460976;-0.3024212160057558;0.6985051094836854;-0.6160590388190763;0.9433774390094287;0.9738022889421318;0.41716452632575196;-0.8865834659560958;0.38432453748000617;0.11057977680754982;0.27114345254482775;
nw=nw=nw=nw=
-0.24822523877547664;-0.5116679863293281;-0.7783753831898843;-0.7794164038731504;-0.34499478678030626;-0.3116565965271758;-0.9338902544740784;-0.2094331632353208;-0.5639625155182528;0.34796829868314516;-0.3671669587819377;-0.5995187122903094;0.7965133234251156;0.8635994519106946;0.9637208931468519;0.031994254987920634;-0.6414456932931532;0.9085040355885519;0.4019140710445026;0.7681475601437635;-0.09628238920133492;-0.7636316822154678;0.7623841636956279;-0.39669408594954025;
nw=nw=nw=nw=
0.3256905441405207;-0.2936101837933496;-0.5144645422078475;0.37238170829692474;-0.31666304247258736;-0.035816727461249975;0.37876905759519963;0.05516660816052554;0.5498966438373807;0.8224372534220912;-0.053627028603815186;-0.045779116495601846;0.15873249669179068;0.6763529442150484;-0.6316852232162433;-0.6266753082098901;0.7645693367576294;0.4812665319298932;0.8004801543779674;0.8870885090512644;0.5102812980615423;0.6053414859293764;-0.015220253332136613;-0.9799490128033457;
nw=nw=nw=nw=
0.3866616461638803;-0.19949766818342907;-0.6980724005340468;-0.3934288415259022;-0.23264294899713733;-0.17176081192139137;-0.7624507874093587;0.5503380862594027;-0.3861722547675883;-0.1485899940265718;-0.11268301975066075;0.25269965293831476;-0.87344103623202;-0.869470292358208;0.19401723226525402;-0.6191159144142793;0.8662215021915363;-0.9707002316002533;-0.7059707987954433;-0.6856083368551331;-0.6300887479052064;-0.3267441380697953;-0.5187653738853548;0.9748765221357645;
nw=nw=nw=nw=
0.9571165594076707;-0.6994931454489277;0.5031346981506215;-0.781207679480658;0.13555125791149125;0.7400714246617468;0.9046379717955193;0.8106319294669029;-0.7747263501618393;0.8599784273609368;0.14727901246126818;-0.5653282194658229;0.10438077179205196;0.35930219574272937;0.3882569534695488;0.8814345539128152;0.7214924684320883;0.4238505518269371;-0.8863056123585848;0.3636736281212438;-0.1471445905569222;0.46875428625824234;-0.924965723002888;0.8094649268222218;
nw=nw=nw=nw=
0.9474539847087804;0.2780289176848365;0.5811833510118227;-0.1045671214741033;-0.8569692804174052;-0.9728559994726893;0.9589504914746787;0.570481760721262;0.44966338098110636;0.9292762976013715;-0.008612079692484897;-0.8492518208832933;0.31175248902277186;-0.4162468069310934;0.21844187003435112;0.6096162300288459;-0.10519464899881226;-0.1313926913386847;-0.5847144918801106;0.3697737951230502;0.32543739603569777;-0.2959774600838663;-0.14965037334338072;0.35017303076313566;
nw=nw=nw=nw=
-0.38834114553981447;-0.5276169628746314;0.5890335752048683;0.6748771507675584;-0.7208426329174513;-0.0959265863880081;-0.26485428401669875;-0.5612623641021117;-0.877568899587231;0.6702909289447894;0.07273198453043861;-0.202700479934526;0.6277383274213051;0.5697342657137259;-0.5240720279380131;0.5485369453081066;-0.16492453655315464;0.42953111071700945;-0.7514588749706552;-0.45149293855629424;-0.9573504744884704;0.11772198569698245;-0.40038820334423497;-0.38215770562035334;
nw=nw=nw=nw=
0.19665071400352474;-0.49364655475662467;-0.2137509886268103;0.02787249428859062;-0.20375002871462278;0.5596994908224144;0.7494828013606278;-0.9260061288996748;0.5494905979659523;0.5334396444988316;-0.08863727220989515;-0.8549736823946457;-0.9487765635569627;0.49632615330508156;0.9040412631193968;0.04497338688884378;0.4906693507963886;0.4637601602016257;-0.06249709454958352;-0.2187282885121029;-0.9414618835321564;0.6163033271105784;-0.0695427035906242;0.9818261299609659;
nw=nw=nw=nw=
0.5002552617447438;0.6292750806055913;0.13714750099117112;0.34518984006746667;-0.16509676771247594;0.1558931782536741;-0.4464847308732698;-0.12765272135221983;0.13413411874702064;-0.17551492378425926;-0.5456577794132755;-0.9541004841532084;0.44680847411227087;0.07732090356717802;0.5318528693493829;-0.47595621788930154;-0.5599728756923128;0.5140124989353305;0.08610932972475238;0.5657745756301347;-0.7594232873146036;0.7806737508799599;-0.17937975718082777;-0.4146851666273226;
nw=nw=nw=nw=
-0.9390799958022737;-0.1124312611936984;0.9832934288236705;0.2506256103485671;-0.9136259922885765;-0.6990178386439456;0.07248734969012616;-0.5428408728411289;-0.7242048976451108;-0.9868283647251923;0.143400688458867;0.6028464639123903;0.9467356354462242;0.15537477338324313;-0.7521639575445955;-0.1120321992544282;-0.639998198144639;0.33078615141305234;-0.9548344305784182;-0.3721131174687595;0.4767484647990421;-0.34515886258172457;-0.5806258598089604;-0.728995516781888;
nw=nw=nw=nw=
-0.9384384223072397;-0.184138662176345;-0.5769002029141703;0.1498558521413933;0.4417928478410369;-0.8176105155782629;0.4661622217717889;0.03659744542742294;-0.6743807995601099;-0.02593949611385704;-0.339989373519922;0.6908723836026835;-0.6719025966265311;0.17880202122965527;0.4517862761420208;-0.44330471009503736;-0.04336222097234965;0.9498162909849315;-0.876355028939148;-0.7008713777390645;-0.9937885001434816;-0.7138356418203329;-0.9523476743926302;0.06572852256174588;
nw=nw=nw=nw=
-0.3352457812954954;0.12225990423459043;-0.6655213083514067;-0.6865927419172884;-0.12366587481911817;-0.8857764291738537;-0.7769188315009745;-0.3827753400909808;0.1387308165373462;0.7920672576144312;-0.8583881203545587;-0.7305901326195765;0.8515129575120448;-0.720046280813867;0.843172679082665;0.37061677713735164;0.862403513608933;-0.8828863695955431;0.03567904317289905;-0.9771476222562934;-0.8394219553837874;-0.9895309261791327;0.4895787343141682;-0.3042007997883265;
nw=nw=nw=nw=

lw-lw-lw-lw-
-0.5091734311204528;-0.4376803100136297;0.14537603688621115;0.7509518139020843;-0.538970232420777;0.7343316769202355;-0.3629539144117362;0.541777393958969;0.11205125860258458;-0.5749571765538801;0.1437776649682705;-0.5781749783354679;0.05430088494459073;0.9005756471784936;-0.7786223807450368;
nw=nw=nw=nw=
0.9286963935607941;0.7474485931234602;0.046381147541098455;-0.6410844120669499;-0.9057357178770211;0.7286789591296003;0.7366693833415072;0.310758590862813;0.1546121324887335;0.956237285031144;-0.3189737930195118;0.2148720693379429;0.6759742254555379;0.5244296063561511;-0.605506364759248;
nw=nw=nw=nw=
0.7326449937117188;0.03936800503722604;0.7813737427926981;0.6301471198821931;0.09944776292330415;-0.37888870688758836;0.9411712103530865;-0.42145276627560313;-0.03879010985243392;0.02131436742672621;0.8152769053983193;0.6470139457620032;0.39089770863766304;-0.7268403060321551;0.6022047019545815;
nw=nw=nw=nw=
0.14101318730847545;-0.630261303928765;-0.6233287035901036;-0.3328082149469349;0.5687938935380372;-0.9610204405739347;0.5639211229959642;-0.15521330837523117;0.2407616588253314;0.12829882542667215;0.12472239069060631;-0.7609406426804914;-0.8187135214633103;0.22749687686253228;0.9115155234531895;
nw=nw=nw=nw=

lw-lw-lw-lw-

____
-0.24626106922438207;
nb=nb=nb=nb=
0.1933674788841071;
nb=nb=nb=nb=
-0.9077253685033615;
nb=nb=nb=nb=
0.9172232868036687;
nb=nb=nb=nb=
-0.38306438698501943;
nb=nb=nb=nb=
0.11989094323896876;
nb=nb=nb=nb=
0.9001621209194133;
nb=nb=nb=nb=
-0.498030523210127;
nb=nb=nb=nb=
-0.9911652297740965;
nb=nb=nb=nb=
0.2161755684408535;
nb=nb=nb=nb=
-0.6563339810656852;
nb=nb=nb=nb=
-0.9863289430392239;
nb=nb=nb=nb=
-0.15552213976937757;
nb=nb=nb=nb=
0.46967879929503775;
nb=nb=nb=nb=
-0.19205112757887188;
nb=nb=nb=nb=

lb-lb-lb-lb-
-0.6491353654388357;
nb=nb=nb=nb=
0.5379709679018811;
nb=nb=nb=nb=
0.5479378813101079;
nb=nb=nb=nb=
0.6587522467365134;
nb=nb=nb=nb=

lb-lb-lb-lb-
