0.05885399960588478;0.045244401978562054;-0.9522370179086732;-0.6512479453128153;0.4696363397214207;0.9837100925994247;-0.37087611274942667;0.4385361254298732;-0.104268509888376;-0.8734938932327667;0.930938980577072;0.13838818840656897;0.9700490314849348;-0.3339956014160468;0.35424681600615937;0.9488892322794198;0.6388715615172185;0.5053205853611293;0.06776866636709644;0.1705049167719208;-0.5653793537287692;0.5069097554562723;0.27965210833872756;-0.7003293834292452;
nw=nw=nw=nw=
-0.5911510616308042;0.2695832987821587;0.39912688489895976;-0.8886402746205657;0.7853070712724521;-0.5301505338846955;-0.16875466621243418;0.2488304447338614;-0.15835819419747144;0.8007029315908245;-0.9717059017616334;0.43399476321045527;-0.14469575479848729;-0.32210950419663353;0.22503685079549274;-0.2539088169642556;0.3953035384913266;0.55585909465166;0.224375872379303;-0.43948445265029745;-0.0870672303398532;-0.42277169094931755;0.03308541780899432;0.5743097865198536;
nw=nw=nw=nw=
-0.9725297173569021;-0.813393977857918;0.8173380480751498;0.6938318664899092;0.6413988471265948;0.44849760942884;-0.29618849300747585;-0.9271948273881727;0.4786294535610909;-0.10475678609948869;0.4210806780777214;-0.5212160752872295;-0.7910063836760306;-0.24787584182297095;-0.13741736839378138;0.658193375061557;0.7615606802252572;-0.42286764938389654;0.23682595024622177;0.019150037509851003;-0.052608587026274245;0.20316731271374477;-0.526180992313052;0.38759764313175493;
nw=nw=nw=nw=
-0.8426836942867879;-0.44513853429946537;-0.9657629854119292;0.7097372429729409;-0.5287331350439237;-0.4708041554807201;-0.1582114270388224;-0.18860775240964323;0.635834297684609;-0.5960293218373172;-0.8776793921364692;0.3489367453095815;0.7159959893455008;0.6416717855391354;-0.9158931763852443;0.31911707540659817;0.06979401096180626;-0.7161298652984367;-0.8289677475647448;0.5524452147413859;0.40582993447298654;-0.8939225902563899;0.9917629866773183;-0.2119189079785131;
nw=nw=nw=nw=
0.3061723663067406;0.6571101624524933;-0.5859278562878298;0.9375948801886789;0.7190549454044399;-0.7677749217172527;-0.8098109399319804;-0.5236043907410903;0.35603022542278184;-0.6445664150434585;0.8463058186268957;-0.02507637573058763;-0.9747892166265442;0.9358665526434404;-0.941156641795325;0.6199103478581973;-0.9636855803085802;0.14672090014416095;-0.811010994959328;0.9933773519988738;-0.8970352983415899;0.06597493240916164;0.8570305280548551;0.6668964869324185;
nw=nw=nw=nw=
0.7116849341829061;0.4573279849806695;-0.44614213320343454;0.23354659494255658;0.5763006510188218;0.9246014044116238;0.48792013901723985;0.8037386521776735;-0.12588606112172385;0.7565609657164876;-0.8769768964221518;-0.6255881282057423;-0.4566713062803971;-0.06929667211488955;0.31044891752896153;-0.9142912931277296;0.4729192721987059;0.8394885647302703;-0.5626818391201134;0.6578899964655418;-0.7840195480412759;0.38817118649349025;-0.7603591224857955;0.5097441249472818;
nw=nw=nw=nw=
-0.24261150517074115;0.18412977115398754;0.18526151884451192;0.1868576886393165;-0.9464061166988302;0.15674229517541383;0.1491422684306074;-0.5816920319057308;0.8867302995754776;-0.3714449608998587;-0.830939200443737;0.5067238256303941;-0.0673756737523763;-0.8928363598441493;0.8763914022056267;0.6333588414966915;-0.9432117036300607;-0.5407582719162742;-0.6314485135414905;0.4044186539109389;0.7484324105315294;-0.03747292526204182;0.40014569687061075;0.8461250000061271;
nw=nw=nw=nw=
-0.3124012856843741;-0.04332327987821927;-0.5556748705344374;0.7409103872807459;-0.6739896732951791;-0.08379121425446101;0.36268560076124734;0.21934207248932314;-0.8470598298624441;-0.5629840068421514;-0.4354845186193379;-0.9502191140008265;0.7338418649289065;-0.7986854621223034;-0.7545309795334532;0.6765036145711907;-0.8838204664510902;0.7722328346266241;-0.7268360781386434;0.7196482424008062;-0.49421141263906954;-0.6017431957745776;0.20229906915264628;0.5087802028477448;
nw=nw=nw=nw=
-0.7789996841008437;0.25002852517918206;-0.23566899561327292;-0.4468763037693313;0.898275749184186;-0.867973859797232;-0.7873651296259763;-0.5599461847855749;0.34670241228786347;-0.5622084778800922;-0.2527088651667324;0.04389686688534411;-0.4177540513504323;0.6023596528007917;0.03509227061400866;-0.6366252343621852;0.8339543576144994;0.7020682908928981;-0.7980022852744568;0.6774577718659731;-0.2824844741819619;0.6350732695130574;-0.48111264078331284;0.8076554411297701;
nw=nw=nw=nw=
-0.19540687142971302;0.8145483322197862;0.1558548367332666;0.7593352410266552;-0.9636747514114432;-0.9245744471109527;0.5512734603531892;0.4642822012937111;-0.4602472602581038;-0.7158960276759434;-0.10874457984113328;-0.46630824308464147;0.798852714681155;-0.15971308503311543;-0.00928419782175438;0.10006597394959149;0.22998182473720385;-0.5038087838219008;0.4688129283812579;-0.44950707710705906;0.025366169901062996;-0.869691048990427;-0.6514765976794554;-0.9065033994968779;
nw=nw=nw=nw=
0.7894436248083381;-0.008072566562320693;0.5868483153713271;0.26292736169204267;-0.07736486967437117;-0.4418173845580049;0.4448092765701881;0.4955266501912565;0.33054424642578906;-0.12387064521036906;-0.7948867708516083;-0.9586800727886882;0.8993526229437057;0.763146142157153;0.1712177087749147;-0.817541974113648;0.9895567201466628;-0.7307210971849707;0.9501289784125846;-0.9285132223069799;-0.8545962346305065;-0.2940433531833275;0.8409457145464394;0.7893506170429756;
nw=nw=nw=nw=
0.5046312213628124;0.4146171898196207;0.7846017295083596;-0.8087117370700112;0.7368048538721037;0.7407067207550997;0.5861835449542103;0.0185149004105436;0.42598404007532253;-0.6878153204336712;-0.798231726131825;-0.2519153362882869;0.7113988707940069;0.34830212775738123;0.7989619527549217;0.6973340223835214;-0.3457848961147787;0.22764595661965914;0.8888392919318384;0.5499610652407081;0.19264773620406972;-0.43245076666083104;0.24424446074238593;0.9442266685101488;
nw=nw=nw=nw=
0.9929482806006549;-0.9364142489499137;0.4408099950173867;0.6797075805712034;-0.19771416169494005;-0.2665040144178872;-0.5718833298642638;0.08502367130659394;0.44308474473732695;0.6007303519298632;-0.10726375673459976;-0.07543296933230925;-0.640400958235325;0.4439658263921771;-0.7334341878190669;0.06157772037549658;-0.7531195964561361;0.7239076614917859;-0.1062644769972434;0.9389850819883558;-0.022229990842351555;0.8430219694170842;-0.6594154211300989;-0.5990038923660563;
nw=nw=nw=nw=
0.31107793291439;-0.11558190610866581;-0.10560386327433369;-0.3687237760645721;0.6876735960370197;0.6061556788496705;0.17821303178493264;0.7777191233238869;-0.845442475934163;-0.4420563174390195;0.9391692902920097;-0.43557406789252506;0.808463522871778;-0.8978921293874043;-0.7425290893218368;-0.16631782172727472;-0.07354313439762605;0.29775131586713566;-0.6038267578954095;-0.08775019493111103;-0.6060135203107202;0.002289314338456805;-0.37379856306096304;-0.11935845464540673;
nw=nw=nw=nw=
0.20963734197226613;0.8311024501254967;0.3909022996214;-0.5180447122213041;-0.8994912274877069;-0.2888451044188274;0.8006144201946912;0.4888716579989043;0.2348957620853791;0.7805428202205527;-0.5903000034682826;-0.10358307459082639;0.483554390631487;0.6112852861369222;0.5303151483660955;0.19714048122024042;0.651566880456939;0.20241668980140903;0.8408838294658534;0.1461439196860237;0.9155113983713998;0.5033771997064047;-0.9695453485828565;-0.9718150516799349;
nw=nw=nw=nw=

lw-lw-lw-lw-
-0.4937634895704375;0.3541972103962292;0.8840892617569844;0.1981499927365422;0.6661979203023052;-0.6880736164359931;-0.24375414672095608;0.9563490401969426;0.13503605833429466;-0.02769569976062125;-0.8915317872111037;-0.9358948329688777;0.8386961669819155;-0.2606864639144626;-0.2315131964365369;
nw=nw=nw=nw=
0.5184179484244593;-0.6473059479939451;0.24904338131131643;0.7619175643435361;-0.5115004118901929;0.781574303924288;0.8964406538710081;0.6853036214353887;0.3857558625168862;0.3560753282170217;0.043371654000845306;-0.44852817990878524;-0.07345754641281665;0.9984820605187212;-0.5083230189915284;
nw=nw=nw=nw=
-0.8864532207616886;-0.3188283638002942;-0.40555469772985786;0.6143807391288882;0.3674104324440599;-0.32210534767331156;-0.2313138486789763;-0.314424988978963;0.5971700462133704;0.10202351604711057;-0.38098026798564777;0.8791849501488911;0.6587921167146547;0.020494489195291177;0.1492633629049862;
nw=nw=nw=nw=
-0.9559434697090887;0.2831378511316396;0.92576418269337;0.6439623827873047;-0.7632300778686636;-0.45979744500256725;-0.9847068314344127;-0.8676677856856716;0.6289997836889303;-0.9234700209045477;-0.9764433168669377;0.9058103456742947;0.34811586164691266;0.08995633627695976;-0.3029494945718574;
nw=nw=nw=nw=

lw-lw-lw-lw-

____
-0.9753940586053116;
nb=nb=nb=nb=
0.30072877081905025;
nb=nb=nb=nb=
-0.56468563842126;
nb=nb=nb=nb=
-0.4040351742343422;
nb=nb=nb=nb=
-0.9637406223723013;
nb=nb=nb=nb=
0.022813589405732415;
nb=nb=nb=nb=
0.016910082926546943;
nb=nb=nb=nb=
0.8534482008530377;
nb=nb=nb=nb=
0.6288683463631695;
nb=nb=nb=nb=
-0.9855498018084967;
nb=nb=nb=nb=
0.6480767025449512;
nb=nb=nb=nb=
-0.7226684614082026;
nb=nb=nb=nb=
0.31835328091245785;
nb=nb=nb=nb=
0.856638699457738;
nb=nb=nb=nb=
0.6145516209169424;
nb=nb=nb=nb=

lb-lb-lb-lb-
-0.3237088262458354;
nb=nb=nb=nb=
0.48540754531453234;
nb=nb=nb=nb=
0.970528929300783;
nb=nb=nb=nb=
-0.022983699756577103;
nb=nb=nb=nb=

lb-lb-lb-lb-
