-0.7326387990652976;-0.865293829130402;-0.3876348830609533;0.5010986531665518;0.10263839815929221;0.355656335514245;-0.9407818947431499;0.7841238394907155;0.6565402832961809;0.10410955121395249;0.9034282737569053;-0.5983884356674527;0.4472730003092582;-0.43169909849481813;-0.5633204869225856;-0.4337597503301236;0.11212108913765562;0.6830840711222375;0.7372534674178821;0.1705049167719208;-0.5653793537287692;0.5069097554562723;0.27965210833872756;-0.7003293834292452;
nw=nw=nw=nw=
-0.5911510616308042;0.2695832987821587;0.39912688489895976;-0.8886402746205657;0.7853070712724521;-0.5301505338846955;-0.16875466621243418;0.2488304447338614;-0.15835819419747144;0.8007029315908245;-0.9717059017616334;0.43399476321045527;-0.14469575479848729;-0.32210950419663353;0.22503685079549274;-0.2539088169642556;0.3953035384913266;0.55585909465166;0.224375872379303;-0.43948445265029745;-0.0870672303398532;-0.42277169094931755;0.03308541780899432;0.5743097865198536;
nw=nw=nw=nw=
-0.9725297173569021;-0.813393977857918;0.8173380480751498;0.6938318664899092;0.6413988471265948;0.44849760942884;-0.29618849300747585;-0.9271948273881727;0.4786294535610909;-0.10475678609948869;0.4210806780777214;-0.5212160752872295;-0.7910063836760306;-0.24787584182297095;-0.13741736839378138;0.658193375061557;0.7615606802252572;-0.42286764938389654;0.23682595024622177;0.019150037509851003;-0.052608587026274245;0.20316731271374477;-0.526180992313052;0.38759764313175493;
nw=nw=nw=nw=
-0.8426836942867879;-0.44513853429946537;-0.9657629854119292;0.7097372429729409;-0.5287331350439237;-0.4708041554807201;-0.1582114270388224;-0.18860775240964323;0.635834297684609;-0.5960293218373172;-0.8776793921364692;0.031137760658710434;-0.18229381508850073;0.6074417834417989;0.5922104439281977;-0.23878210503604458;-0.811340788523873;0.7206071639656373;-0.409730124147321;0.6779394258247771;-0.7425476277203511;-0.5114988627102568;0.5487814189960742;0.9137579273189647;
nw=nw=nw=nw=
0.8696223190141585;-0.3053452349664221;0.7044916526317406;-0.9681814313775858;0.615883638514062;-0.16348830438553108;0.7059283978735391;-0.49623551483595074;0.824767335811802;0.3891662418317339;-0.15559997795027636;0.8900046094894001;-0.35238520596203804;0.8744624548060775;0.7112499010246363;0.7103923975669446;-0.27084689848870735;-0.24726166093281998;0.8117604278071324;-0.25090153055944175;0.7200720709156045;0.09721910001306844;0.2668600846123532;0.1174656022028715;
nw=nw=nw=nw=
-0.31239368900769393;0.16071348280490638;-0.25521773739052955;-0.20824724891741897;-0.6096810524879075;0.6491769908808747;0.7051727003271455;0.5896767862420147;-0.43031972221663906;0.36416992306692286;-0.5626077449134759;-0.45426808293876153;-0.7761957261041776;-0.8158584429530396;0.3052094565535932;0.40993175187754227;0.5176971719171017;-0.9901613550303765;-0.5898094558656011;0.042502669711762975;0.7989360333867173;0.29678402697237494;0.15100435474836882;0.33939447875602613;
nw=nw=nw=nw=
0.5163875425584237;-0.8867739339574807;-0.2003694365232327;-0.7017156402492515;-0.6349618298465285;0.3810864360068833;0.5267429218959558;0.9787251335211289;0.4776355245669557;-0.7898436668858888;-0.04232523673997246;0.5413594230482006;-0.8217416827902162;0.04079235510058221;0.8650652406612773;-0.4410240616859513;0.625989873674385;0.90555607114711;-0.6568731418661917;-0.05301170488072682;0.21221142784544833;0.2780000378093437;-0.33285618621898494;-0.9461773245988034;
nw=nw=nw=nw=
-0.7419065082622185;-0.18025739274360952;0.42594266068935926;-0.9452998934292367;-0.763639446773795;0.8693017565580505;-0.2955921774442418;-0.4703873480621099;-0.33705072658576074;-0.4012779701544442;0.38841263485480826;-0.6960545596723666;-0.41804598150129957;-0.8163937941921682;-0.2506934261740228;0.40768383264747876;-0.9917533817077344;0.32444256674304195;-0.7268360781386434;0.7196482424008062;-0.49421141263906954;-0.6017431957745776;0.20229906915264628;0.5087802028477448;
nw=nw=nw=nw=
-0.7789996841008437;0.25002852517918206;-0.23566899561327292;-0.4468763037693313;0.898275749184186;-0.867973859797232;-0.7873651296259763;-0.5599461847855749;0.34670241228786347;-0.5622084778800922;-0.2527088651667324;0.04389686688534411;-0.4177540513504323;0.6023596528007917;0.03509227061400866;-0.6366252343621852;0.8339543576144994;0.7020682908928981;-0.7980022852744568;0.6774577718659731;-0.2824844741819619;0.6350732695130574;-0.48111264078331284;0.30494095529689824;
nw=nw=nw=nw=
0.7772852181744649;-0.9612285448681197;-0.5604278046313613;-0.21177070945962773;-0.29537392079284563;0.7605090403377512;0.07915987571127303;0.3317118624642559;0.6068923957160253;0.13206849077811555;0.14407345783637138;0.026727247501787676;0.984342908402341;0.86059573857011;-0.6503391083386245;-0.7799762738060734;0.5926178693748252;0.8476432062218651;-0.1048637011048883;0.10385091462071183;0.8484252008427917;-0.10610797905719971;-0.5349954820581351;-0.9096260389860051;
nw=nw=nw=nw=
0.466282796865924;0.7117140210514028;0.8644262866618;-0.6964776981480352;0.7156412165923509;0.09745426225017328;0.3249807202934585;-0.8205272116180207;-0.5687522378459839;0.71166433249425;-0.7078669759274092;0.28592454111024335;0.869140372888004;-0.31373469125413633;0.4033314642359753;-0.7497254045232944;-0.5156742049270251;-0.7561990447154046;-0.9537599256142082;-0.6584643052932568;-0.7325638545398043;0.32852319018761;0.3444258091554031;0.6637760121777225;
nw=nw=nw=nw=
-0.9595252122976117;-0.6805671111246883;0.7621902970291337;-0.7090937952270469;-0.9696091909540843;-0.7835590956164507;0.14802147740148652;-0.14906482430135548;-0.9210245626177638;-0.8676438376018396;0.0869499458415115;0.28970240896464317;0.7093968340578751;-0.122325591735162;0.9944080739281078;-0.49728318774779723;-0.6583574692315581;0.48544754795704637;-0.43912231445394534;-0.44755307572579883;-0.9197671727214793;0.12175104014936378;0.4263480518972045;-0.7024618511683096;
nw=nw=nw=nw=
-0.2716565334471073;-0.9857844240334366;-0.6456510189026055;0.40555617694112156;0.6532671845926379;0.7348669466594533;0.6013302449392284;0.5736103248713937;-0.5914309208466935;-0.7905090593677215;0.6570128453423139;0.4489162573779102;-0.33873095389769015;-0.01946839888741625;-0.21409942304652585;0.575088568137313;0.9721440143674576;-0.37038760753433553;0.32452694968835427;-0.5061939537721121;0.7139230051794803;-0.018491229817239274;0.259721909818067;-0.751061632461286;
nw=nw=nw=nw=
-0.9055795413760699;-0.49545966905873984;-0.38769858626106957;-0.367224320260501;0.6929853477344916;0.8306465790372086;-0.0753906208577848;-0.9975884347126525;0.46728831209824784;0.9093913444569399;-0.6799753255493011;0.9823539033374231;0.7856456681019774;-0.49999543078838404;0.07726755304266719;-0.6749197318672815;0.1989201193327994;-0.7785472226281851;0.47476897899554094;0.5876676499869609;-0.0863562811582661;0.10092943891569717;0.22676793303098575;-0.4769311465290176;
nw=nw=nw=nw=
0.1331794461823983;-0.6536878409801161;0.9662339918998548;0.09939152456286626;-0.8622745308363633;0.9633488875032032;0.03389044406531383;0.3948917986537037;0.14151429477094024;0.5617392194037134;-0.5483702745524375;0.7319062491024311;0.848445108508187;0.17106303220428498;-0.6592741205986743;-0.3612574631283696;0.09753566686891468;0.7498942956306689;0.23008969900342158;0.2442481856721921;-0.4694115441900921;-0.9315469108071421;0.579343140835791;-0.40624124585191157;
nw=nw=nw=nw=

lw-lw-lw-lw-
-0.4937634895704375;-0.7964166823436258;0.5110893056662162;-0.8682688090844675;0.9210004655011144;-0.8731399350663152;-0.9586946758427506;-0.6040118708749924;0.13503605833429466;-0.02769569976062125;-0.8915317872111037;-0.44358271662992865;-0.7661433265482802;0.8646529726357803;-0.3568553031713402;
nw=nw=nw=nw=
0.6709310577053875;-0.6646005410244167;0.8476540434435367;-0.97716389517796;0.884907671442484;0.9756850557004084;-0.6043388141566528;-0.29433679091889897;-0.8115608580213187;-0.08883254838469257;-0.38978487507910975;0.31142670053862553;0.7777431707726223;-0.2846688007427034;-0.1920450554551174;
nw=nw=nw=nw=
-0.2667351725977989;-0.9992855652215831;-0.24291972366830183;0.007902077255613316;0.9136033684137759;-0.9470687425823485;-0.2313138486789763;-0.314424988978963;0.5971700462133704;0.10202351604711057;-0.38098026798564777;0.8791849501488911;0.6587921167146547;0.020494489195291177;0.1492633629049862;
nw=nw=nw=nw=
-0.5204692310259866;-0.9925898495907732;-0.376073564076302;-0.6250440068457173;-0.030445446627666017;-0.09983915490458206;0.0016571294400442582;0.9023078560886564;0.6665260134288891;-0.2815850611688331;-0.7672924150038865;0.23230187623335619;0.31664032563459865;-0.45922332607408833;-0.8306551592437086;
nw=nw=nw=nw=

lw-lw-lw-lw-

____
-0.9020834054667237;
nb=nb=nb=nb=
0.30072877081905025;
nb=nb=nb=nb=
-0.56468563842126;
nb=nb=nb=nb=
-0.4742938002824413;
nb=nb=nb=nb=
0.5180522048312781;
nb=nb=nb=nb=
0.029184079938163965;
nb=nb=nb=nb=
-0.23576071837943147;
nb=nb=nb=nb=
0.9967868626090559;
nb=nb=nb=nb=
0.7435163613454363;
nb=nb=nb=nb=
0.30679731085267425;
nb=nb=nb=nb=
0.4556033740201144;
nb=nb=nb=nb=
0.3806191223112385;
nb=nb=nb=nb=
0.46782503066106806;
nb=nb=nb=nb=
0.5225909250316314;
nb=nb=nb=nb=
0.6478918267440563;
nb=nb=nb=nb=

lb-lb-lb-lb-
-0.9048503060719613;
nb=nb=nb=nb=
0.9142732186943232;
nb=nb=nb=nb=
0.048804190298803896;
nb=nb=nb=nb=
0.775903753054277;
nb=nb=nb=nb=

lb-lb-lb-lb-
