0.9893184323117488;-0.36997207363210816;0.4537158802016803;0.8295126521355478;-0.6329295581220054;0.7629972233754676;0.8075539326307553;-0.7710506582576699;0.07824656817649278;0.9815389165598161;0.4629159514806611;-0.047584799217397;0.486422252818719;-0.028010894110461093;-0.07586115420222361;0.9152764542706167;-0.40137493190453943;0.7194376794905073;-0.2601938643639985;0.5007804779044855;-0.3354550158353413;0.7170056760526786;0.33605118884790985;0.16299805925080513;
nw=nw=nw=nw=
0.7231371255575665;-0.7518060072724126;-0.6355233960945219;-0.24501570260579886;0.13033596409817028;-0.49767623533567673;-0.7437703591989457;-0.6050798229411631;-0.7064941154122675;0.30191472741449;-0.5163653365588721;0.36993906941154675;0.5682840617531557;-0.07563002190888568;0.03510744622250739;-0.14096607583268606;-0.4203676658125104;0.5775160473431864;0.0608990050977114;0.6322015630342588;0.808472969163107;0.1153062540383778;-0.1757091811194078;0.4139571984895465;
nw=nw=nw=nw=
0.24781723453531312;0.5971868447176591;-0.4155455518983384;0.9710832409666716;-0.375323908472021;0.06124419168763695;-0.579047643956837;0.16493659690581697;0.7005134451236223;-0.6734294740066278;-0.27511144237321394;-0.0016396555570097338;-0.6787613680675928;0.24186247288733775;0.15842979765157628;-0.19888085556113944;0.6989276530048611;-0.5145490515282303;-0.23051254473077187;-0.6559622052430911;-0.26872945774976964;0.4405973932845533;0.15587018216866588;-0.6855284107580266;
nw=nw=nw=nw=
-0.4410091071473139;0.5916255563074178;0.9243118952406606;-0.7431461329959912;0.5386314147720206;0.48531601690020665;-0.18232987409879287;0.2527136588667016;0.9202848639496333;-0.02917382207238317;-0.4701948528963247;-0.0002642206926100066;0.6642477683203909;-0.11757796222498507;-0.3329578563088913;0.15950826669153528;0.11408541631894731;0.09236294467064288;0.3658135118535213;-0.719716504756273;-0.32636989825641827;-0.09982761295923592;-0.6158785303865977;-0.46377434612403334;
nw=nw=nw=nw=
0.8712975056004613;0.1445966448750362;-0.3671234384697919;-0.5278195507174839;0.7019170433928181;0.8751919121180527;0.6100585864560035;-0.3127368600067655;-0.079792656464577;-0.3907405198834275;0.6895386545630817;0.8059626891645086;0.8518862009446726;-0.32409716246452636;0.8956495337578343;0.05434121177780238;-0.28961886433450634;0.024005389351106077;0.8534920202094629;0.30387664884319454;0.13286291731668176;0.8145780945697347;-0.22959921466676048;-0.9549758023032109;
nw=nw=nw=nw=
-0.6251287013982272;0.12663644687197628;0.2672375799628224;-0.03580827031674727;-0.34849730341514773;-0.8996713528531997;-0.7680020193516792;-0.5176536825943265;-0.344021395031868;-0.9340144809331636;-0.9894955083089816;-0.9052484893907597;-0.0410094797166769;-0.7261621639617075;-0.2658688504841311;0.2675631180046445;0.24931058284967422;0.24109733361923436;-0.6275994199363766;0.34401957121269366;0.7744033994418589;-0.6764184455003486;0.46968956196814826;-0.5237067156409774;
nw=nw=nw=nw=
0.4943213615393416;0.6768167495262689;-0.12976144664340383;0.8395380521563189;0.6666420535535942;-0.5123557218817558;-0.4580508372161327;-0.7827400240523257;0.9377378803760408;0.022034722440035237;0.19641732159867042;0.7969544871035739;0.6387342959030382;-0.7748240610269148;0.3625544446742148;0.14604569205121343;-0.9544978183095547;-0.525354485920178;0.2641783415223702;0.7203476690313528;0.6427843060650422;0.6542821433305754;-0.8848748704571785;-0.7038858526152276;
nw=nw=nw=nw=
0.8651264883443599;0.778928159569833;0.8573258708339808;-0.03088598630052597;0.43104058952010194;0.788584887222052;0.36028449692729114;0.5714485476778555;0.5710148353701305;-0.18379784294909873;-0.9664095809294722;-0.8878108567840892;-0.19400511616756466;0.7011844927740316;0.37112389226354314;0.9772391093230954;-0.9099319705862463;0.34637829984078805;0.16730708674756145;0.42843342743273416;0.5136114259505853;-0.9021062464544638;-0.037241439221923356;-0.7880485683698135;
nw=nw=nw=nw=
-0.015631773093723655;0.8389798156708281;-0.6894442653317636;0.532400164963091;-0.5433383361826387;0.46751069365503106;-0.6532666258640356;0.9123389564282562;-0.8881187083878084;-0.7129603894832346;0.17195746271133716;-0.41701014719267304;0.38563959237565926;-0.07000351994172949;-0.8620556834872659;-0.28409479302462715;-0.19699927850843357;-0.3837250614592851;0.1312099767636694;-0.6439897883577881;0.2303391395249914;0.3059577943091829;0.9809835444509025;-0.7119394231816865;
nw=nw=nw=nw=
-0.9721628606864059;0.4276507911533991;-0.748260550083232;0.12395900653079384;0.19911859946207988;0.5331449825574006;-0.20456621466815972;-0.4535285312740971;-0.4845112147619446;0.8413948697704834;0.22426362914064368;0.6751429262483566;0.6181446603809768;0.6283784910339221;-0.6503391083386245;-0.7799762738060734;0.5926178693748252;0.8476432062218651;-0.1048637011048883;0.10385091462071183;0.8484252008427917;-0.10610797905719971;-0.5349954820581351;-0.9096260389860051;
nw=nw=nw=nw=
0.466282796865924;0.7117140210514028;0.8644262866618;-0.6964776981480352;0.7156412165923509;0.09745426225017328;0.3249807202934585;-0.8205272116180207;-0.5687522378459839;0.71166433249425;-0.7078669759274092;0.28592454111024335;0.869140372888004;-0.31373469125413633;0.4033314642359753;-0.7497254045232944;-0.5156742049270251;-0.4211023160773417;-0.829378568954918;-0.7137408848866351;-0.8482199069820067;0.956579883356149;-0.016821824875811853;-0.0386918563659715;
nw=nw=nw=nw=
0.510928905013083;0.508861352385358;0.7100792923922201;-0.23406744965780035;0.7515151649682403;0.8921727932679624;-0.7411926396459878;-0.6309838800238996;0.6099808996360654;0.9016350302145446;0.6997879414597163;0.893345117059444;-0.8884231986881843;-0.3919628948428362;0.5232617480621753;-0.49728318774779723;-0.6583574692315581;0.48544754795704637;-0.43912231445394534;-0.44755307572579883;-0.9197671727214793;0.12175104014936378;0.4263480518972045;-0.7024618511683096;
nw=nw=nw=nw=
-0.2716565334471073;-0.9857844240334366;-0.20907271964410978;0.03256045647788319;-0.5347384489827038;-0.7953139058642669;0.7832393546023919;0.4220800654443033;0.7657269155120769;-0.041381350015502916;-0.13552252374145302;0.27957976722184186;-0.640400958235325;0.4439658263921771;-0.7334341878190669;0.08785194721858924;-0.2812516367729909;-0.6631749433627301;-0.20418839887838258;-0.9525803274385491;0.5875592545155575;0.9781725436726121;-0.5806953274359883;-0.249941730801726;
nw=nw=nw=nw=
-0.9055795413760699;-0.49545966905873984;-0.38769858626106957;-0.367224320260501;0.6929853477344916;0.8306465790372086;-0.0753906208577848;-0.9975884347126525;0.46728831209824784;0.0659132894461556;0.7551789774089521;0.7856257246457363;-0.15235246232998723;-0.9395466175625997;0.9758177905091403;-0.6749197318672815;0.1989201193327994;-0.7785472226281851;0.47476897899554094;0.5876676499869609;-0.0863562811582661;-0.49858638785207066;-0.976500477947464;-0.42660498722678897;
nw=nw=nw=nw=
-0.7122847065668951;0.8144695853245201;0.2977501783852239;0.06467217592535635;0.7163379815531512;-0.7037749619485627;0.0028150166107547836;0.8821963402873294;-0.752855456732773;-0.23482396757652446;0.15068463067536508;0.061087588899892964;0.8995470938223138;-0.5489050760642091;0.5964106662026678;-0.42823022070524575;0.6288117944968523;-0.5072020090203235;-0.18637100840715326;0.9709295575328116;-0.14999090922802472;-0.5716805960594187;0.7920024099058831;-0.347643982733689;
nw=nw=nw=nw=

lw-lw-lw-lw-
0.5509922731223078;-0.9574168233397768;0.6643487600557976;0.2656524988632041;-0.35451077828349953;0.8688737737374201;0.17788989479284645;0.9790737008930468;0.48802178506050065;-0.9143930673456684;0.8683011112023746;-0.8782354926096474;0.15718243392839182;-0.5321291072851273;0.9557025835058204;
nw=nw=nw=nw=
0.46110892269334336;0.7039570335370995;0.32068318241133986;0.3580940224648652;-0.2744681132449316;0.7068808439032113;-0.49219217156356354;0.977797357886538;-0.8483492761274052;-0.9102638686073647;-0.4205106516365513;0.16774696995631233;0.5638307316463631;-0.31338928231080243;0.9972973188140726;
nw=nw=nw=nw=
0.7281815353849601;0.5616664085054486;-0.33517032767516275;0.6316612915123911;0.18085706181436723;-0.28261824060243157;-0.3464145860544212;0.7691121219117192;0.16682298969382847;-0.1157650079454291;0.2493879164007502;0.8121063003284028;-0.2663249963721226;-0.09881026537539994;-0.680753339573249;
nw=nw=nw=nw=
0.1080030206863758;-0.5926424647260258;0.7545422754944546;-0.04157986314823314;-0.2883649098826029;-0.09983915490458206;0.0016571294400442582;0.9023078560886564;0.6665260134288891;-0.2815850611688331;-0.05504475132485043;-0.5748775174801788;0.9508630616250424;-0.5030456141120683;-0.08682102034083417;
nw=nw=nw=nw=

lw-lw-lw-lw-

____
-0.5994035969000999;
nb=nb=nb=nb=
-0.7595511467820459;
nb=nb=nb=nb=
0.26323489651544807;
nb=nb=nb=nb=
-0.8545028660427829;
nb=nb=nb=nb=
0.2632568441639964;
nb=nb=nb=nb=
-0.7329761054723585;
nb=nb=nb=nb=
-0.6422334469170377;
nb=nb=nb=nb=
-0.0478960871919516;
nb=nb=nb=nb=
0.37332793485320215;
nb=nb=nb=nb=
0.11511865646469155;
nb=nb=nb=nb=
0.6510945741830483;
nb=nb=nb=nb=
0.42057485558253305;
nb=nb=nb=nb=
0.5387018287359555;
nb=nb=nb=nb=
-0.6027238802339103;
nb=nb=nb=nb=
-0.7569116262862285;
nb=nb=nb=nb=

lb-lb-lb-lb-
-0.7835413230832953;
nb=nb=nb=nb=
-0.15239533257645466;
nb=nb=nb=nb=
-0.9374439030818482;
nb=nb=nb=nb=
-0.489959495177694;
nb=nb=nb=nb=

lb-lb-lb-lb-
