-0.8826016337359974;0.15368842268682315;-0.5428327165092288;-0.11884481508425004;-0.7802386898444054;0.2434784901378011;-0.9075371655980884;-0.6886599124738997;0.32844643032366716;-0.2905351171165256;0.5795912081768928;0.9343366892148797;-0.8420702027781888;0.17617722072471498;0.7425379600216684;0.8917296418383029;-0.0008440552671991064;-0.3131344954589921;-0.8107620605918713;0.2184865500291575;-0.6001117907671534;0.4988979454533635;-0.3914512158117147;0.29151568109821135;
nw=nw=nw=nw=
0.8414541776677367;-0.7553232627574427;-0.5553235460075097;-0.05797053192121404;0.5185469458511793;0.44826634646246544;0.4749893103626843;0.3030327078332946;0.19712582603396145;-0.08729856761010768;-0.14130307180515178;-0.8611482212917763;0.599850848631301;0.2348144394229006;-0.7142290262562265;0.2421068370189512;-0.9697761889415137;-0.3653174322464434;0.5473334453549008;-0.0659222342507162;-0.1274998078147278;-0.5180334519149017;0.5542711753806258;-0.5426447759966135;
nw=nw=nw=nw=
-0.052429887795629515;-0.34602781268062577;-0.2909867337429448;0.9636770915814974;0.823064603838332;-0.836381619857441;0.5972631151366414;0.5605784630520814;0.6661466999169199;-0.166933077084364;-0.6143757108513537;-0.6073647239480382;0.01846434349222492;0.5447032971560517;0.5103027293848297;0.7052815934638133;-0.1329910265072367;-0.8821314242563638;-0.433128384924824;0.17278858412749254;0.9826722522612068;-0.6977571888668237;-0.5130134668255293;-0.9535238116457361;
nw=nw=nw=nw=
0.7922966058723508;0.9899917555764737;0.6216050026395941;-0.09687079216571948;-0.7428855724853995;-0.8378910114537457;0.8899917537906996;0.9303762386968379;-0.24388527593159193;0.6318524299495654;0.5268200791880566;-0.4659259362305368;0.7103355155616777;-0.5936118736378322;0.3789071201681389;0.7603487403056115;0.5694153873383163;-0.13034401978921872;0.3459426910291383;0.06161315471569573;0.4607862188852181;0.675553242507881;0.5928014521538063;-0.7366585264192964;
nw=nw=nw=nw=
-0.4401309725435891;-0.5956638722808576;0.8615196707128359;-0.0759826328230846;0.22482565008697186;-0.9034689792532;0.5628911722584888;-0.49432108859904056;0.19108984491634962;0.005906512551668186;-0.23527298596563284;0.026965895281794383;0.45858746819307417;-0.7979022830217675;-0.49701339512857357;0.15901641189537696;-0.8952991910106805;0.7718626503221251;0.46880384409248865;-0.4751902962845278;-0.7813672864052017;0.5418461745546992;0.05722699353285532;0.33553718724431625;
nw=nw=nw=nw=
-0.41680127947704904;0.8531928808441351;-0.515159623038089;-0.3138543914920342;0.001095673973735778;-0.8633628587502489;-0.42535873891434073;-0.5519449686545317;-0.5823973363048482;0.29168335575564064;0.8438480427287964;0.3469959771177069;0.3746779741944948;0.7425322024742698;-0.36228985600862096;-0.6198868890231621;-0.08514731561837507;0.897254836740073;-0.1689188103399777;-0.1312832486659159;-0.6767848210413141;0.5446363363729005;0.752583262106252;-0.3069324229604531;
nw=nw=nw=nw=
-0.05622035635170053;-0.24301623564861696;0.4309526512188775;-0.10451422800705612;-0.7384832993650272;0.5903190665894638;-0.840346201194828;-0.42974859788169995;0.8797434396322343;0.9050660386587224;-0.2813531113711092;-0.26840564185684146;0.5011598836622042;-0.4644304498638858;0.16296278610585202;-0.6921708286557915;-0.003404751312101162;-0.5602356237883126;-0.7774144649044885;-0.1860838658808004;-0.23106431684944995;0.7700681462089165;0.8482258506497244;0.8416978421298524;
nw=nw=nw=nw=
0.7998812462360589;0.7249592951558905;-0.6412215618151467;-0.14846127197795678;-0.7022135358238288;-0.08731551577799657;0.48971342664659945;0.6572161816475406;0.9440781872525414;0.5057297440340469;-0.6727962899181703;-0.33704244633125646;-0.6493581622987854;-0.012356599340058283;-0.3820246516718393;-0.8479303996425218;0.06167265610533357;-0.09597735333694235;-0.8488378358215607;0.733104590645681;0.5182440613966741;0.2836978142813893;0.48273615178542495;-0.13283607296594013;
nw=nw=nw=nw=
-0.6283830390531908;0.06558298830241704;-0.47589118492621374;0.1475605939669664;0.6413923812470623;-0.4877815975972135;-0.6477937249776413;-0.9514843738850634;-0.8176520496661486;-0.5415445848038598;-0.27066913870257614;0.4179509745091976;0.6746803925679168;-0.5269769369244353;0.28204988656186414;0.5268366992842315;-0.4179982496284169;-0.47264819918403145;0.8205760256509822;0.6937110025092588;-0.004012909026887446;-0.022929503780481753;0.5553476696802417;0.1560074274054588;
nw=nw=nw=nw=
0.20779976476121198;-0.15890852277896883;0.44578520775045605;0.44657996174118963;0.7735827478071966;-0.7413370853980128;0.5320266981651454;0.8096022092111956;0.7397695047719788;0.25081359285258475;-0.719841232591677;0.4099966374865591;0.5069515470922079;0.4409661647778893;0.1691636572424029;-0.1544477381439462;-0.9087376439134998;0.7848740592866756;0.3695420334849062;-0.014760239191509816;0.8541144201069109;-0.5656940166180378;0.7163302034794323;-0.8077322334667201;
nw=nw=nw=nw=
0.9519106456262472;0.8163895451913863;-0.8289973997556774;-0.6288651890410573;0.8942124026009082;-0.8249224990389725;-0.17703074839536637;-0.008865961007811007;-0.8479163818662623;0.6697247900836905;0.8800367712062955;-0.7514891314558341;-0.23162845066448678;-0.290718891356081;-0.3798707596279094;-0.015955573691579072;0.8383855949416432;0.4614033496420893;0.8232543809384492;0.8956069303668108;0.4756311759472416;-0.025832954465705882;0.3670408535583025;0.06359216903111387;
nw=nw=nw=nw=
0.010722607124863837;0.5059871897891464;-0.005231133394857146;0.5644063427549493;-0.8657092233936543;-0.9187222654470566;-0.37665074749227756;-0.47160083209668224;-0.6986558869044586;0.7844601067240238;0.6187242422181483;0.08640488582534589;-0.36762314952262853;-0.5059305357401276;-0.20151162078405127;0.35170978548307175;-0.68352143262869;0.223842051528923;0.9409908311761002;-0.06849143866480989;0.44031622175341045;0.2347474505859306;-0.10830747079657033;0.5291777188921747;
nw=nw=nw=nw=
-0.8701537700116788;0.552576594584038;-0.6653858484462021;0.4250540354600536;-0.6382239457293617;0.6914383802461497;0.08323897329118757;-0.8044684643235278;-0.4276772535671658;0.11513142384909503;0.33480210693339574;-0.4548544909746335;0.17217449243113037;0.12764059293258345;0.1548595426658712;-0.02088852741683822;-0.11084927080801177;0.2322439120422033;0.5634785580662225;-0.046947888334949894;0.008568392992168938;-0.42576596391875454;-0.6734711115837331;-0.7113474806677902;
nw=nw=nw=nw=
-0.15063970646996916;-0.24532685228436613;-0.7185531895657025;-0.94379165887408;0.1534238359689959;0.6341076606004508;-0.7479757238165965;0.979638276727969;-0.909640163202623;0.4604296554358631;0.45444003652416676;-0.7010713424934025;0.9834227565231628;0.39577385814984867;-0.027381130962925937;-0.4367990538020179;0.8615557336286863;-0.5134288829070492;-0.4457824684413074;0.3255846487361562;-0.36180986774762824;-0.1352362257435531;-0.008198283582582455;-0.6108524338487118;
nw=nw=nw=nw=
-0.5621580625664633;-0.07586483028006263;-0.8902600824035707;0.2205617599264864;-0.7175208259668464;-0.41755243653456753;0.4220693733532408;-0.8960334651473176;0.5643774241783672;0.7168026600579078;0.34780957573909177;-0.25279282753104004;0.4817457245249257;0.32278671364080513;-0.6947056123944917;-0.11463204868696497;0.2726190620437121;-0.23660032932066088;-0.031303234506165234;-0.5936198844981719;0.18061938259202615;-0.1311753386643899;0.9126102272433765;0.6874081309674716;
nw=nw=nw=nw=

lw-lw-lw-lw-
-0.8711619744209553;0.19596404827728198;0.3975228283971577;-0.3071074534832481;0.9584549413355752;-0.5834136513308343;-0.4666559128769421;-0.00697466462586771;-0.926807213738452;0.9714952974284319;-0.34616516716694123;-0.4837700904447477;-0.9334611637589658;0.8135772772872643;-0.813676740743231;
nw=nw=nw=nw=
-0.3852742421839028;-0.48767494298245473;0.5363515457803949;0.33219467215955256;-0.9123871341848215;0.6072174195356732;-0.8053357911099286;0.893224721265008;0.9776008250436004;-0.6780011937413681;0.5105351179758424;0.10913798502645866;0.6555101941881214;0.5924425619814855;0.184744234479167;
nw=nw=nw=nw=
-0.26958592306429985;-0.036966020694058965;0.24380503626649963;-0.30618364318496094;0.8663663662577428;0.7273898182294409;0.05939283934935369;-0.9987472919034124;0.8220162273889589;-0.7762544982974711;-0.14340125105484014;-0.4015376200854186;0.8334591865226173;-0.8982371518062324;0.6328653404829816;
nw=nw=nw=nw=
-0.07817112972322171;-0.4505375089100958;0.6196214223108185;0.41537567290779864;0.6572440325470625;-0.37748774026089515;0.17152712126884628;-0.09339475416295762;-0.9985123941118441;-0.9707588025717191;0.06293606851754707;0.7718089768846175;0.11423272176924604;-0.9779240783117025;0.5648787650873472;
nw=nw=nw=nw=

lw-lw-lw-lw-

____
0.31273762867711197;
nb=nb=nb=nb=
-0.634950467281651;
nb=nb=nb=nb=
-0.3982388201257987;
nb=nb=nb=nb=
-0.954172307948739;
nb=nb=nb=nb=
-0.5591072017803147;
nb=nb=nb=nb=
0.042830268569321595;
nb=nb=nb=nb=
0.18542955565132413;
nb=nb=nb=nb=
-0.7364522610064186;
nb=nb=nb=nb=
-0.5573069326513695;
nb=nb=nb=nb=
-0.9579667568055643;
nb=nb=nb=nb=
-0.2523604018139274;
nb=nb=nb=nb=
-0.05821438035915261;
nb=nb=nb=nb=
0.9786234169356298;
nb=nb=nb=nb=
0.3301637857252455;
nb=nb=nb=nb=
-0.745242405061231;
nb=nb=nb=nb=

lb-lb-lb-lb-
0.3613928125608177;
nb=nb=nb=nb=
-0.2677250840619667;
nb=nb=nb=nb=
0.14560729948812745;
nb=nb=nb=nb=
-0.2554273063062269;
nb=nb=nb=nb=

lb-lb-lb-lb-
