0.3821426259357321;-0.7219517762799263;-0.8043825642902982;0.702748337995377;-0.4946203941518279;-0.9908950613619492;-0.7646075154548371;-0.12423758967607368;-0.11637151278960745;0.4321871456484281;-0.4859050465062873;-0.26826114340657226;0.6835151076990369;0.0038099910934272785;-0.1972814889397272;-0.9948933124924979;-0.948949354314206;-0.2569416099902466;-0.25063218918819863;-0.775899552017336;-0.37089504338350676;-0.9326158794558113;0.023412083575387044;0.46535923967745996;
nw=nw=nw=nw=
0.6929660096344679;-0.8839450763029921;0.44230673841520685;-0.24651857499666785;-0.3062544746577953;-0.7651116163780503;-0.7416740927304393;0.7172385071858511;0.3319548397855361;-0.40705520338348045;0.006333933756851762;-0.9433011862961216;-0.5165953457622321;-0.3745003299925207;0.4661522732235759;-0.40103983705416724;-0.21822632876053216;0.1571956937954191;-0.834620398217014;-0.6141767946729468;-0.3015117589447349;0.37432149221945554;-0.6557191200056633;0.6144651522556492;
nw=nw=nw=nw=
-0.24484647610067856;-0.9746476216545941;-0.33568599819137157;-0.5276060419574202;-0.009287577033604055;-0.02701316588726943;0.1286176720222003;0.421908527618744;-0.860105363805532;0.46418885193450565;-0.596703646711694;-0.27726245913374625;-0.9904260302233958;0.07157118101455118;-0.4143025300741401;-0.36085868030917023;0.9115829868075358;0.6437912553304903;-0.48913351208253153;0.08274198429245327;0.9711605488520376;-0.2394316782306063;0.9902449661867021;-0.7550929249648168;
nw=nw=nw=nw=
0.2543770127120306;-0.9511473541097142;-0.016276144919285862;0.9378937067961219;-0.568486462343688;-0.9748336567240181;0.9573606100925334;-0.8037292809702195;-0.778445408659183;0.822917426172795;0.7100869029631933;-0.5339343960838432;-0.8010166407751629;-0.9767104172948593;0.22770540533436767;0.08707835238814954;0.25361624361995716;-0.9346766643923972;0.159940623863974;0.41346063236563335;0.6668892506764004;-0.33379385231115855;-0.6608378316468946;-0.7838500768436483;
nw=nw=nw=nw=
0.31395047856963587;0.6717129013536987;-0.33780415938193986;0.13398681720033978;0.40973517933879644;-0.7521886594597142;-0.07931587405163665;0.7687615077344676;0.3634852955056156;-0.3387982969943095;0.8880445496204259;-0.544996595992999;0.8741241154755233;0.3666453556664253;-0.33289899642677745;-0.3431692745715622;0.5582343151759286;-0.6979979437170016;0.2770011611497436;0.6580931397140859;-0.8693287935507845;0.3485573770806527;-0.9170271759645015;0.7632795214569881;
nw=nw=nw=nw=
-0.0035497239729191943;-0.06805742926939962;0.2435200711843406;0.5744186852610025;-0.8396761450513652;0.9305307217110832;-0.8178248060598725;0.47465190942955626;-0.6473161545812816;0.5570990339777526;0.771072429244253;0.8320468375421757;-0.05911198190083389;0.1437249891328387;-0.32166698005460814;-0.6262190288671838;-0.8477976794662851;-0.042163366334795116;-0.017365306516933465;-0.13771924377581213;0.936893324174112;0.797133568006845;0.030715711016271685;-0.4508007156122129;
nw=nw=nw=nw=
-0.05622035635170053;-0.24301623564861696;-0.30573153129752084;0.13717111187954512;0.561742965971326;0.9858695492618372;-0.5523390477021328;0.5736567409522912;-0.07051350152049696;0.4936141627939381;0.9404173632802175;-0.5592007868532629;0.28776591321909906;-0.031090134789329538;-0.5528240768581052;0.8533034935971935;0.6471238153332028;0.6387761021777763;0.13450643291508624;-0.45284388157198774;-0.4906698240415259;0.0991310326579462;0.02818768859665366;-0.7301132867460449;
nw=nw=nw=nw=
0.7895083139359109;-0.06573745648249907;-0.37665962462483926;-0.35110275361258725;0.5664287454115964;0.11050406729870677;0.20218485731619418;0.22638454489604531;0.35963313757421367;0.29676376711144115;-0.3572344585837568;0.10873571174400465;0.9042234519326391;0.4760427254007469;-0.8771738914434086;0.8158347127992132;-0.8740967536617719;0.5299695178352712;0.03096656454543001;0.8902075218112406;0.2733858132771838;0.27033989809020076;0.08891734387765182;0.5424151026540771;
nw=nw=nw=nw=
-0.5069989793050758;0.5972594351866725;0.6913516729680216;-0.08729621789016195;-0.9302508330132482;0.5578097251163627;0.29800278821118553;0.906690925897156;0.7115837830384268;0.892824219877856;-0.7672828148613475;0.9048117811540726;0.4033466128254033;0.6554279814520818;0.5963140878547806;0.41614086257812555;0.3993451672929744;-0.32832203414486894;-0.3745599887356268;-0.37421927626526097;-0.6533016245365182;-0.4989135234805402;-0.8130418432698261;-0.8573308766198044;
nw=nw=nw=nw=
0.7489140231579743;-0.21273213591132523;0.3689658348831417;-0.41344705075310983;0.7915652710765873;0.34574416415866027;-0.6403026200858095;0.8968983842839926;-0.3844166890427161;0.4117022880839678;0.5259011072601827;-0.01422905165988042;-0.5034814693528786;0.9826468583624648;0.5109699460813655;0.30881482704684227;0.5768709059835302;-0.7249893987766527;-0.20714620314782173;0.8972317960890686;0.6641322361987727;0.9569265113108276;-0.15926543306928975;-0.7015359012268854;
nw=nw=nw=nw=
-0.08497674023515489;0.22501296118812597;0.09124874650561887;0.2959928439049697;0.972626105778676;0.9437285859476556;-0.8093164395272974;-0.1034584683023787;-0.6734636826163687;-0.8356290878356594;0.9192644270389982;-0.8333270252006604;-0.04002502036896183;-0.5048844812424158;-0.5923908979644146;0.9074292267875221;-0.13821069940743524;0.37148402285747384;-0.36677687955876714;-0.6232606188851988;-0.2682647021804958;0.28073636254956114;0.3670408535583025;0.06359216903111387;
nw=nw=nw=nw=
0.42698956808749977;-0.8239546279624681;0.22513076994533687;0.41253700103383917;0.7810753439000919;0.23320236117869864;0.26720184751598297;0.8427001944561201;-0.05168690585866553;-0.9550035593846209;-0.3071558637404759;-0.4280302140944561;-0.3475467670649153;-0.8292299501989209;0.10025594700452989;-0.46602706689418194;0.20335546440901098;0.6306996850065059;0.778350715244402;-0.8989421467787981;-0.9613684028638723;0.7551577921871888;-0.1103525585461469;-0.05995685162091857;
nw=nw=nw=nw=
0.6892998842495339;0.9396709531774938;-0.13750081135079828;0.23695309244865004;0.9543560379089859;-0.28220826473008365;0.05232082934088633;0.5562514089260022;0.18944795890499067;0.6420561490568615;0.1839248837605143;-0.8755459536115513;0.44076025126945084;0.7672514296064945;-0.028251593219435156;-0.02088852741683822;-0.5917539012500224;0.10831935608901078;0.08500984569130465;0.9034789576365789;0.008568392992168938;-0.42576596391875454;-0.6734711115837331;-0.7113474806677902;
nw=nw=nw=nw=
-0.15063970646996916;-0.24532685228436613;-0.7185531895657025;-0.94379165887408;0.1534238359689959;0.6341076606004508;-0.7479757238165965;0.979638276727969;-0.909640163202623;0.4604296554358631;0.45444003652416676;-0.7010713424934025;0.9834227565231628;0.39577385814984867;-0.027381130962925937;-0.4367990538020179;0.8615557336286863;-0.5134288829070492;-0.4457824684413074;0.3255846487361562;-0.36180986774762824;-0.1352362257435531;-0.008198283582582455;-0.6108524338487118;
nw=nw=nw=nw=
-0.0765247180911015;0.6320283201251775;0.938343111826281;-0.19988119085739098;0.15054700909272234;0.40692901789402947;-0.03231357402474;-0.7360695476822863;-0.2233550948933487;-0.8999339949785579;0.0415059322373712;0.8161206078482734;0.9980223496181158;-0.5482375812343805;-0.7455935429713691;0.8322942583204065;0.1047660969388502;-0.7541907629592379;-0.031303234506165234;-0.5936198844981719;0.18061938259202615;-0.1311753386643899;0.9126102272433765;-0.9099850431053387;
nw=nw=nw=nw=

lw-lw-lw-lw-
-0.8711619744209553;0.1538551612172292;0.4057402113480575;0.630393667590367;-0.5720341983589599;-0.5834136513308343;0.4343485259810098;-0.4334893485843683;0.416199022671629;0.8758837631112859;-0.7990595634429842;-0.40691158202787436;-0.7366359073478612;0.29771259266871763;-0.048507409124574075;
nw=nw=nw=nw=
0.8277896501473958;-0.7339884741210707;0.7617921340138569;0.19693803274012867;0.8304589798328621;-0.8871410921298557;0.5672546701782322;0.9750814090755087;-0.16379795447075818;-0.32775359673239235;-0.5226707377509268;-0.9189944189890391;0.8630612153862423;0.6086540673106866;-0.0444092308749513;
nw=nw=nw=nw=
0.02683633812273789;0.8035469841614375;0.46423252764038003;0.38057895419173904;-0.5173296588552678;0.5700583871039271;0.5550227455031069;0.7468692878731071;0.9178116686151685;-0.8689641697481689;-0.8831764712341155;0.29323257313823237;-0.48860926015863737;-0.2558812926154066;0.9165528327436074;
nw=nw=nw=nw=
-0.6171892108143289;0.12321619417890606;0.8306211011250699;0.7104116243363336;-0.4298449238376152;-0.05592857720574451;0.36245655662540344;0.4400068220858935;-0.31070018002693667;0.2972142072835351;0.10663357656339767;0.8998983866550325;-0.4259586339970045;-0.9253974832950553;-0.31897211802357406;
nw=nw=nw=nw=

lw-lw-lw-lw-

____
0.8156807329391491;
nb=nb=nb=nb=
0.2134622916319795;
nb=nb=nb=nb=
-0.9386526340412744;
nb=nb=nb=nb=
-0.3470647833915581;
nb=nb=nb=nb=
-0.4861231378162716;
nb=nb=nb=nb=
-0.2071263538095196;
nb=nb=nb=nb=
-0.45080849731018935;
nb=nb=nb=nb=
0.08355969670510643;
nb=nb=nb=nb=
0.2071674563301027;
nb=nb=nb=nb=
0.0212831042519821;
nb=nb=nb=nb=
-0.8876935975164049;
nb=nb=nb=nb=
0.43222657115891105;
nb=nb=nb=nb=
0.09397930562697931;
nb=nb=nb=nb=
0.4440600088469968;
nb=nb=nb=nb=
-0.17935791737990714;
nb=nb=nb=nb=

lb-lb-lb-lb-
0.6492119786292214;
nb=nb=nb=nb=
0.06071348041529623;
nb=nb=nb=nb=
-0.21098690053700886;
nb=nb=nb=nb=
0.798578299066502;
nb=nb=nb=nb=

lb-lb-lb-lb-
