0.4294862049367041;0.818510199565764;0.7284877397081717;-0.772680992919214;-0.8714583569214138;0.8062643950070452;0.5265335843947863;0.5655310655281138;-0.993450064388433;0.07948382959580158;-0.9356949215554347;0.924468059082604;-0.8698756730490806;-0.7257311110905664;-0.2197969472687924;-0.554214545005757;0.6231724568532633;0.07231194080223746;0.631168300072517;0.47713101604845476;0.9205995313096949;-0.3169000941503688;0.5739338925235022;0.5308147095289248;
nw=nw=nw=nw=
-0.31117734916228;0.6503039680046565;0.40636021568075353;-0.8394011377303969;0.7566320104234747;-0.6870590240096093;-0.5969400568546688;-0.9129269287724164;-0.18447234703613824;-0.32506311261271637;0.08186335250531585;0.18646692490298156;0.0453760989610561;0.7104719689710588;-0.11651682686264175;-0.2794839052285456;-0.567579345519905;0.7091872780511412;0.224375872379303;-0.43948445265029745;-0.0870672303398532;-0.42277169094931755;0.03308541780899432;0.5743097865198536;
nw=nw=nw=nw=
-0.9725297173569021;-0.813393977857918;0.8173380480751498;0.6938318664899092;0.6413988471265948;0.44849760942884;-0.29618849300747585;-0.9271948273881727;0.4786294535610909;-0.10475678609948869;0.4210806780777214;-0.5212160752872295;-0.7910063836760306;-0.24787584182297095;-0.13741736839378138;0.658193375061557;0.7615606802252572;-0.42286764938389654;0.23682595024622177;0.019150037509851003;-0.052608587026274245;-0.5637288591869827;-0.28075478525180486;0.015551034889451865;
nw=nw=nw=nw=
0.7061734984935661;0.25928399990479867;0.5362507440051314;-0.03630106767443442;0.6312165164289298;-0.6447236032180015;0.20542888421669847;0.3518814567115336;0.4430568986729544;0.8010965788353861;-0.9074886175660253;0.27934934179375515;-0.42085240576305405;0.46493978670724156;-0.2570376398889791;-0.8226869432371355;-0.2786250805808699;-0.6164549071914187;0.04229450283070446;0.3457036829138169;0.8746628108621646;-0.8780677454941936;-0.3753650145960272;-0.7970127506802249;
nw=nw=nw=nw=
0.3771952604771678;-0.09862320374473765;0.0002473702765886099;0.26075926819267004;0.2813781601050167;-0.411659766604936;0.5909963177835125;0.8831822464277559;-0.8092759584625409;0.6100582971792317;-0.3195413768445885;0.3553340162216905;0.2802793903876155;-0.28907313019421976;-0.7216890125392454;-0.53599632916957;0.931063038033269;0.8507629922449431;0.5638280334440471;0.6077507136369111;0.8871910225293234;0.7092612888440393;-0.8116717010459078;-0.04818029829790382;
nw=nw=nw=nw=
0.7851289979587013;-0.017000382594050345;0.08671798542509723;0.026423395073552847;-0.761323273869905;-0.8106207964230223;0.5277708879180709;-0.5202710969118731;0.35703672165091316;0.5383979402492285;0.9631475891058985;-0.8326595969643733;0.4375825301380092;0.0698727690951888;-0.6069331962374034;-0.6079146663274999;0.5529368723039367;-0.7754674153580867;-0.6110899328521526;0.9287436578098303;0.11864166761710337;-0.7218164000997591;0.13728355467666709;-0.7960709846710419;
nw=nw=nw=nw=
0.6981920077040138;0.977938575002105;-0.7840209707871595;-0.5100767037167688;-0.5344296936159756;-0.32588653002708945;-0.5954008218208013;-0.9601590780336595;-0.45852876100013074;0.9658736149520508;-0.6612204536328936;-0.27762440534460553;-0.8873180971048777;0.9559309720041012;0.31669804539008295;0.9465441534047261;-0.6918972593521744;-0.6083232578107518;0.9226656597377096;-0.7414265846442782;0.38758073772023205;0.06865207248134242;0.5750731765265766;-0.7072968203600545;
nw=nw=nw=nw=
0.0729739146405346;-0.5835390206088864;0.6118278702771813;-0.4933813576454762;-0.2307654130070691;0.21005323834667644;-0.29367163260874696;-0.8904167629259352;0.6111301099225304;-0.6793239006596565;-0.06737194587859974;-0.39015935563607074;-0.8009849627800723;-0.09804120389832649;-0.7952154310334896;-0.9312612842960348;-0.7616726686962942;0.4892252356008646;0.9330678513965396;-0.7211092445829344;0.2357152857172009;-0.6839380200019611;0.28365270722556035;-0.3740442387589853;
nw=nw=nw=nw=
0.7382942479133423;-0.8105788186171701;-0.23111480856485578;0.9965938861606649;-0.4165670410974889;0.5807863050655766;0.9727799078458361;-0.2513457996773023;0.4169259854904195;-0.10110870926578719;-0.5114531071994921;0.9109539262385364;0.7250760431302101;0.8778886945870807;-0.6588257973701146;-0.8505758852619234;-0.9324188851989026;0.5900794756125041;-0.7541713454248724;0.4364610260896227;0.9684205621727782;-0.5041395085892963;-0.8459891558093922;0.8058907967927589;
nw=nw=nw=nw=
0.10373557349440365;0.5298415595270838;0.007426294911466957;-0.9995472754855717;-0.44381254982083185;0.04932881781720022;0.7954021031791327;0.4066036935349504;0.004991709318241;-0.7267491838235804;-0.3399747751074591;-0.06228840595813345;0.6863608309780329;-0.34164968232776305;-0.36586081426262207;-0.8847247103575542;0.1560350969012454;-0.8271453612943962;0.12218069779699325;-0.661795362880869;0.5316048037367662;-0.9617898294840568;0.2298831853432548;-0.6197956342423017;
nw=nw=nw=nw=
0.7425421400246148;-0.26582893176025646;-0.9416319481291373;0.07289436806394245;0.3555559666590351;-0.7373798768036666;0.6459121606102098;-0.5775793729244802;0.4479046050480562;0.17197538968585757;-0.005839290179873613;0.24282133203934708;-0.07206975615882238;-0.6272338802585324;0.042330428915464235;0.3312028712498911;-0.37230966021137957;0.3559238945568586;0.45322023198186523;-0.6063108547259175;-0.808329483961622;0.7380707937711681;-0.3585374657788025;0.6449868399873537;
nw=nw=nw=nw=
-0.05879494037170807;0.8059227728799521;0.672323622608282;-0.4267096270802435;0.5758981609752729;-0.5472673361290981;0.20198534888800435;-0.9440022978467921;0.20379256377574873;-0.06673679112987574;0.40853885500176124;0.28318272702993075;-0.6330538865699495;-0.33712252403983545;-0.4309476609728986;0.4651187856285428;-0.9943038461251936;0.5301390355261137;-0.5999299119805797;0.250945560125865;-0.0033730647862391105;0.952782462123769;-0.47547962873247585;0.0393544523462066;
nw=nw=nw=nw=
-0.9568754186784316;-0.3158583367249568;0.3103942133923696;0.534098069317404;0.37187357161773904;0.09826230819864423;-0.12559435422024112;0.9948463188396413;0.45024276176251554;0.6394317065107762;-0.03586621536989565;-0.4664123028706353;-0.4520173572218864;-0.835380782167757;-0.5783742353379175;0.5743714770546904;0.9566813047762708;0.982078889771274;0.3831115063411934;-0.1084855539042957;0.31325383337584545;-0.18771923045046646;-0.6463658168523325;0.06617972931352822;
nw=nw=nw=nw=
-0.2980533271640142;0.2848343520791763;0.8839725688566586;-0.1101413432679883;0.5196124948645124;-0.8842958588775796;0.41101858603939934;0.9639258941434659;0.37831815559625737;-0.009865859618925388;0.22318766358184083;-0.5323332528309865;-0.3835228094596863;-0.4566546615497231;-0.17692819334526;-0.5179832710024901;0.7109549569535158;-0.9188765875559894;-0.012026269356547381;-0.16069899754074468;-0.9300156770777466;-0.8463244310184055;0.7135248518420496;-0.4769311465290176;
nw=nw=nw=nw=
0.24354453788785335;-0.040895534097557196;0.7832899971618312;0.7037288473920316;0.07208472193602522;-0.1579316272553526;-0.5401419190170837;0.3948917986537037;0.14151429477094024;0.5617392194037134;-0.5483702745524375;0.7319062491024311;0.848445108508187;0.17106303220428498;-0.6592741205986743;-0.3612574631283696;0.09753566686891468;0.7498942956306689;-0.6603684916247785;-0.2189480438051672;-0.3997479259911021;-0.1887448619195642;-0.8224174946871081;-0.0631990176786037;
nw=nw=nw=nw=

lw-lw-lw-lw-
-0.20618196175902614;-0.7964166823436258;0.5110893056662162;-0.8682688090844675;0.9210004655011144;-0.8731399350663152;-0.9586946758427506;-0.6040118708749924;0.13503605833429466;-0.02769569976062125;0.38563577767447677;-0.44358271662992865;-0.7661433265482802;0.6064232975130912;0.9557025835058204;
nw=nw=nw=nw=
0.6490018537658921;0.8399379633749462;0.3209434332923713;0.05805041914073783;0.07388336978262133;0.04610919400377922;-0.4926381574555996;0.8724678646484754;-0.9362519979007258;-0.9552354387010435;0.5432947516671749;0.5439138460326667;0.3244330415430663;-0.31338928231080243;0.9972973188140726;
nw=nw=nw=nw=
-0.8266651057490533;-0.5279106482381677;0.044251320779004066;0.9464288102517129;-0.929326008203418;0.16561283407969074;0.4833834181112282;0.18202693849885243;0.5971700462133704;0.10202351604711057;-0.38098026798564777;0.8791849501488911;0.6587921167146547;0.020494489195291177;0.1492633629049862;
nw=nw=nw=nw=
0.8011510624437084;-0.9925898495907732;-0.376073564076302;-0.6250440068457173;-0.030445446627666017;-0.8206442141769779;-0.9711032396697032;-0.4723455110848911;0.9104782903666899;-0.4306909889017041;0.39116979890235504;-0.3605920550658206;0.6925455868577537;-0.5030456141120683;-0.6745227091379247;
nw=nw=nw=nw=

lw-lw-lw-lw-

____
-0.39751528668337355;
nb=nb=nb=nb=
-0.3488074582778571;
nb=nb=nb=nb=
0.11449849451346572;
nb=nb=nb=nb=
0.25723670354385475;
nb=nb=nb=nb=
-0.8408803335951553;
nb=nb=nb=nb=
-0.5852361399294261;
nb=nb=nb=nb=
0.7510674571969636;
nb=nb=nb=nb=
0.7812541878122627;
nb=nb=nb=nb=
0.06548370261546421;
nb=nb=nb=nb=
-0.45418294652047564;
nb=nb=nb=nb=
-0.15171837534069677;
nb=nb=nb=nb=
-0.8943185860648288;
nb=nb=nb=nb=
-0.34887771371398224;
nb=nb=nb=nb=
-0.10105029180258729;
nb=nb=nb=nb=
0.6296866502170739;
nb=nb=nb=nb=

lb-lb-lb-lb-
-0.5842810757798027;
nb=nb=nb=nb=
-0.34010392164444747;
nb=nb=nb=nb=
-0.038677399384168476;
nb=nb=nb=nb=
0.07580927444330565;
nb=nb=nb=nb=

lb-lb-lb-lb-
