0.4294862049367041;0.818510199565764;0.7284877397081717;-0.772680992919214;-0.8714583569214138;0.8062643950070452;0.5265335843947863;0.5655310655281138;-0.993450064388433;0.07948382959580158;-0.9356949215554347;0.924468059082604;-0.8698756730490806;-0.7257311110905664;-0.2197969472687924;-0.554214545005757;0.6231724568532633;0.07231194080223746;0.631168300072517;0.47713101604845476;0.9205995313096949;-0.3169000941503688;0.5739338925235022;0.5308147095289248;
nw=nw=nw=nw=
-0.31117734916228;0.6503039680046565;0.40636021568075353;-0.8394011377303969;0.7566320104234747;-0.6870590240096093;-0.5969400568546688;-0.9129269287724164;-0.18447234703613824;-0.32506311261271637;0.08186335250531585;0.18646692490298156;0.0453760989610561;0.7104719689710588;-0.11651682686264175;-0.2794839052285456;-0.567579345519905;0.7091872780511412;0.224375872379303;-0.43948445265029745;-0.0870672303398532;-0.42277169094931755;0.03308541780899432;0.5743097865198536;
nw=nw=nw=nw=
-0.9725297173569021;-0.813393977857918;0.8173380480751498;0.6938318664899092;0.6413988471265948;0.44849760942884;-0.29618849300747585;-0.9271948273881727;0.4786294535610909;-0.10475678609948869;0.4210806780777214;-0.5212160752872295;-0.7910063836760306;-0.24787584182297095;-0.13741736839378138;0.658193375061557;0.7615606802252572;-0.42286764938389654;0.23682595024622177;0.019150037509851003;-0.052608587026274245;-0.5637288591869827;-0.28075478525180486;0.015551034889451865;
nw=nw=nw=nw=
0.7061734984935661;0.25928399990479867;0.5362507440051314;-0.03630106767443442;0.6312165164289298;-0.6447236032180015;0.20542888421669847;0.3518814567115336;0.4430568986729544;0.8010965788353861;-0.9074886175660253;0.27934934179375515;-0.42085240576305405;0.46493978670724156;-0.2570376398889791;-0.8226869432371355;-0.2786250805808699;-0.6164549071914187;0.04229450283070446;0.3457036829138169;0.8746628108621646;-0.8780677454941936;-0.3753650145960272;-0.7970127506802249;
nw=nw=nw=nw=
0.3771952604771678;-0.09862320374473765;0.0002473702765886099;0.26075926819267004;0.2813781601050167;-0.411659766604936;0.5909963177835125;0.8831822464277559;-0.8092759584625409;0.6100582971792317;-0.3195413768445885;0.3553340162216905;0.2802793903876155;-0.28907313019421976;-0.7216890125392454;-0.53599632916957;0.931063038033269;0.8507629922449431;0.5638280334440471;0.6077507136369111;0.8871910225293234;0.7092612888440393;-0.8116717010459078;-0.04818029829790382;
nw=nw=nw=nw=
0.7851289979587013;-0.017000382594050345;0.08671798542509723;0.026423395073552847;-0.761323273869905;-0.8106207964230223;0.5277708879180709;-0.5202710969118731;0.35703672165091316;0.5383979402492285;0.9631475891058985;-0.8326595969643733;0.4375825301380092;0.0698727690951888;-0.6069331962374034;-0.6079146663274999;0.5529368723039367;-0.7754674153580867;-0.6110899328521526;0.9287436578098303;0.11864166761710337;-0.7218164000997591;0.13728355467666709;-0.7960709846710419;
nw=nw=nw=nw=
0.6981920077040138;0.977938575002105;-0.7840209707871595;-0.5100767037167688;-0.5344296936159756;-0.32588653002708945;-0.5954008218208013;-0.9601590780336595;-0.45852876100013074;0.9658736149520508;-0.6612204536328936;-0.27762440534460553;-0.8873180971048777;0.9559309720041012;0.31669804539008295;0.9465441534047261;-0.6918972593521744;-0.6083232578107518;0.9226656597377096;-0.7414265846442782;0.38758073772023205;0.06865207248134242;0.5750731765265766;-0.7072968203600545;
nw=nw=nw=nw=
0.0729739146405346;-0.5835390206088864;0.6118278702771813;0.7409103872807459;-0.6739896732951791;-0.08379121425446101;0.36268560076124734;0.21934207248932314;-0.8470598298624441;-0.5629840068421514;-0.4354845186193379;-0.9502191140008265;0.7338418649289065;-0.7986854621223034;-0.7545309795334532;0.6765036145711907;-0.8838204664510902;0.7722328346266241;-0.7268360781386434;0.7196482424008062;-0.49421141263906954;-0.6017431957745776;0.20229906915264628;0.5087802028477448;
nw=nw=nw=nw=
-0.7789996841008437;0.25002852517918206;-0.23566899561327292;-0.4468763037693313;0.898275749184186;-0.867973859797232;-0.7873651296259763;-0.5599461847855749;0.34670241228786347;-0.5622084778800922;-0.2527088651667324;0.04389686688534411;-0.4177540513504323;0.6023596528007917;0.03509227061400866;-0.6366252343621852;0.8339543576144994;0.7020682908928981;-0.7980022852744568;0.6774577718659731;-0.2824844741819619;0.6350732695130574;-0.48111264078331284;0.8076554411297701;
nw=nw=nw=nw=
-0.19540687142971302;0.8145483322197862;0.1558548367332666;0.7593352410266552;-0.9636747514114432;-0.9245744471109527;0.5512734603531892;0.4642822012937111;0.004991709318241;-0.7267491838235804;-0.3399747751074591;-0.06228840595813345;0.6863608309780329;-0.34164968232776305;-0.36586081426262207;-0.8847247103575542;0.1560350969012454;-0.8271453612943962;0.12218069779699325;-0.661795362880869;0.5316048037367662;-0.9617898294840568;0.2298831853432548;-0.6197956342423017;
nw=nw=nw=nw=
0.7425421400246148;-0.26582893176025646;-0.9416319481291373;0.07289436806394245;0.3555559666590351;-0.7373798768036666;0.6459121606102098;-0.5775793729244802;0.4479046050480562;0.17197538968585757;-0.005839290179873613;0.24282133203934708;-0.07206975615882238;-0.6272338802585324;0.042330428915464235;0.3312028712498911;-0.37230966021137957;0.3559238945568586;0.45322023198186523;-0.6063108547259175;-0.808329483961622;0.7380707937711681;-0.3585374657788025;0.6449868399873537;
nw=nw=nw=nw=
-0.05879494037170807;0.8059227728799521;0.672323622608282;-0.4267096270802435;0.5758981609752729;-0.5472673361290981;0.20198534888800435;-0.9440022978467921;0.20379256377574873;-0.06673679112987574;0.40853885500176124;0.28318272702993075;-0.6330538865699495;-0.33712252403983545;-0.4309476609728986;0.4651187856285428;-0.9943038461251936;0.5301390355261137;-0.5999299119805797;0.250945560125865;-0.0033730647862391105;-0.0038596543313234033;-0.8824418547446966;-0.4337401920972206;
nw=nw=nw=nw=
-0.2966848528731614;-0.23970108630078224;-0.20907271964410978;0.03256045647788319;-0.5347384489827038;-0.7953139058642669;0.7832393546023919;0.4220800654443033;0.7657269155120769;-0.041381350015502916;-0.13552252374145302;0.27957976722184186;-0.640400958235325;0.4439658263921771;-0.5783742353379175;0.5743714770546904;0.9566813047762708;0.982078889771274;0.3831115063411934;-0.1084855539042957;0.31325383337584545;-0.18771923045046646;-0.6463658168523325;0.06617972931352822;
nw=nw=nw=nw=
-0.9055795413760699;-0.49545966905873984;-0.38769858626106957;-0.367224320260501;-0.247715343379447;-0.9722879427823357;0.06713029837164619;0.36763578317440837;-0.42356245309253726;-0.2042807655265213;0.3519822428905415;-0.5930396124274049;-0.2629375753498635;0.47686415178113184;0.9676165316994549;-0.49187428963313606;-0.5137986527201412;0.39289918785598066;-0.39942589487613955;-0.26359458893405097;0.9238262176985852;0.8621337903057993;-0.47478322168090137;-0.11935845464540673;
nw=nw=nw=nw=
0.8529140099926036;0.8118324698443582;0.03163349815465555;0.5062578790840788;-0.33481144056592327;-0.1579316272553526;-0.5401419190170837;0.3948917986537037;0.14151429477094024;0.5617392194037134;-0.5483702745524375;0.7319062491024311;0.848445108508187;0.17106303220428498;-0.6592741205986743;-0.3612574631283696;0.09753566686891468;0.7498942956306689;-0.6603684916247785;-0.2189480438051672;-0.3997479259911021;-0.1887448619195642;-0.8224174946871081;-0.0631990176786037;
nw=nw=nw=nw=

lw-lw-lw-lw-
0.26961107739176193;-0.9415882722993205;-0.5960208548020403;0.41232703348824673;0.9007053993283507;0.07654335854763716;-0.1334335067761674;-0.7264216098563292;-0.8000929367960192;-0.8434955557224513;0.9290433658488422;-0.4730901897409727;-0.3855452937683006;0.6064232975130912;0.9557025835058204;
nw=nw=nw=nw=
0.6490018537658921;-0.4098507745525122;0.6209575335849515;-0.7952161991484052;0.5421204280770255;-0.2623583604353732;0.5470696012606886;-0.8422743072718881;0.8995329329152253;-0.9500374778895215;0.8075624267008423;0.5439138460326667;0.3244330415430663;-0.31338928231080243;0.9972973188140726;
nw=nw=nw=nw=
-0.8266651057490533;-0.5279106482381677;0.044251320779004066;0.9464288102517129;-0.929326008203418;0.16561283407969074;0.4833834181112282;0.18202693849885243;0.5971700462133704;0.10202351604711057;-0.38098026798564777;0.8791849501488911;0.6587921167146547;0.020494489195291177;-0.08336274722763304;
nw=nw=nw=nw=
-0.5204692310259866;-0.9925898495907732;-0.376073564076302;-0.6250440068457173;-0.030445446627666017;-0.8206442141769779;-0.9711032396697032;-0.4723455110848911;0.9104782903666899;-0.4306909889017041;-0.5173633549535661;0.23230187623335619;0.34811586164691266;-0.5030456141120683;-0.6745227091379247;
nw=nw=nw=nw=

lw-lw-lw-lw-

____
-0.39751528668337355;
nb=nb=nb=nb=
-0.3488074582778571;
nb=nb=nb=nb=
0.11449849451346572;
nb=nb=nb=nb=
0.752943061995937;
nb=nb=nb=nb=
-0.8408803335951553;
nb=nb=nb=nb=
-0.5852361399294261;
nb=nb=nb=nb=
0.7510674571969636;
nb=nb=nb=nb=
0.6423467499710893;
nb=nb=nb=nb=
0.6288683463631695;
nb=nb=nb=nb=
0.7459354102647089;
nb=nb=nb=nb=
-0.15171837534069677;
nb=nb=nb=nb=
0.4442098089147044;
nb=nb=nb=nb=
-0.03495582997511826;
nb=nb=nb=nb=
-0.15386653768537206;
nb=nb=nb=nb=
0.016086329262677612;
nb=nb=nb=nb=

lb-lb-lb-lb-
0.8103772417145416;
nb=nb=nb=nb=
-0.022921585027813274;
nb=nb=nb=nb=
-0.36495722586334955;
nb=nb=nb=nb=
0.7890165032653909;
nb=nb=nb=nb=

lb-lb-lb-lb-
