0.05885399960588478;0.045244401978562054;-0.9522370179086732;-0.6512479453128153;0.4696363397214207;0.9837100925994247;-0.37087611274942667;0.4385361254298732;-0.104268509888376;-0.8734938932327667;0.930938980577072;0.13838818840656897;0.9700490314849348;-0.3339956014160468;0.35424681600615937;0.9488892322794198;0.6388715615172185;0.5053205853611293;0.06776866636709644;0.1705049167719208;-0.5653793537287692;0.5069097554562723;0.27965210833872756;-0.7003293834292452;
nw=nw=nw=nw=
-0.5911510616308042;0.2695832987821587;0.39912688489895976;-0.8886402746205657;0.7853070712724521;-0.5301505338846955;-0.16875466621243418;0.2488304447338614;-0.15835819419747144;0.8007029315908245;-0.9717059017616334;0.43399476321045527;-0.14469575479848729;-0.32210950419663353;0.22503685079549274;-0.2539088169642556;0.3953035384913266;0.55585909465166;0.224375872379303;-0.43948445265029745;-0.0870672303398532;-0.42277169094931755;0.03308541780899432;0.5743097865198536;
nw=nw=nw=nw=
-0.9725297173569021;-0.813393977857918;0.8173380480751498;0.6938318664899092;0.6413988471265948;0.44849760942884;-0.29618849300747585;-0.9271948273881727;0.4786294535610909;-0.10475678609948869;0.4210806780777214;-0.5212160752872295;-0.7910063836760306;-0.24787584182297095;0.6581177338199338;-0.5706463434214561;0.8157072610360199;-0.24115004851444288;0.1841924915412292;-0.03352095397871424;-0.7070710032784981;0.8537829271510005;-0.819040550692469;-0.831514072086976;
nw=nw=nw=nw=
-0.5190036720155089;-0.7019839424841832;0.05592458181305937;-0.6361686026514903;-0.1328981295117484;0.014198561790279562;-0.15832043077500102;0.3518814567115336;0.4430568986729544;0.8010965788353861;-0.9074886175660253;0.27934934179375515;-0.42085240576305405;0.46493978670724156;-0.2570376398889791;-0.8226869432371355;-0.2786250805808699;-0.6164549071914187;0.04229450283070446;0.3457036829138169;0.8746628108621646;-0.8780677454941936;-0.3753650145960272;-0.7970127506802249;
nw=nw=nw=nw=
0.3771952604771678;-0.09862320374473765;0.0002473702765886099;0.26075926819267004;0.2813781601050167;-0.411659766604936;0.5909963177835125;0.8831822464277559;-0.8092759584625409;0.6100582971792317;-0.3195413768445885;0.3553340162216905;0.2802793903876155;-0.28907313019421976;-0.7216890125392454;-0.53599632916957;0.931063038033269;0.8507629922449431;0.5638280334440471;0.6077507136369111;0.8871910225293234;0.7092612888440393;-0.8116717010459078;-0.04818029829790382;
nw=nw=nw=nw=
-0.2466992124431493;0.9351316799843024;-0.4844079546419189;0.48499754143845375;-0.15455842660304353;-0.20179826043084637;-0.6804903398030102;-0.897668198181597;0.26334510250894505;-0.28378886435546447;0.5715529438412827;0.1789685680644153;-0.1624010370514446;0.9203231424715319;-0.1575152236772943;0.3005267365949602;0.4729192721987059;0.8394885647302703;-0.5626818391201134;0.6578899964655418;-0.7840195480412759;0.38817118649349025;-0.7603591224857955;0.5097441249472818;
nw=nw=nw=nw=
-0.24261150517074115;0.18412977115398754;0.18526151884451192;0.1868576886393165;-0.9464061166988302;0.15674229517541383;0.1491422684306074;-0.5816920319057308;0.8867302995754776;-0.3714449608998587;-0.830939200443737;0.5067238256303941;-0.0673756737523763;-0.8928363598441493;0.8763914022056267;0.6333588414966915;-0.9432117036300607;-0.5407582719162742;-0.6314485135414905;-0.7414265846442782;0.38758073772023205;0.06865207248134242;0.5750731765265766;-0.7072968203600545;
nw=nw=nw=nw=
0.0729739146405346;-0.5835390206088864;0.6118278702771813;-0.4933813576454762;-0.2307654130070691;0.21005323834667644;-0.29367163260874696;-0.8904167629259352;0.6111301099225304;-0.6793239006596565;-0.06737194587859974;-0.39015935563607074;-0.8009849627800723;-0.09804120389832649;-0.7952154310334896;-0.9312612842960348;-0.7616726686962942;0.4892252356008646;0.9330678513965396;-0.7211092445829344;0.2357152857172009;-0.6839380200019611;0.28365270722556035;-0.3740442387589853;
nw=nw=nw=nw=
0.7382942479133423;-0.8105788186171701;-0.23111480856485578;0.9965938861606649;-0.4165670410974889;0.5807863050655766;0.9727799078458361;-0.2513457996773023;0.4169259854904195;-0.10110870926578719;-0.5114531071994921;0.9109539262385364;0.7250760431302101;0.8778886945870807;-0.6588257973701146;-0.8505758852619234;-0.9324188851989026;0.5900794756125041;-0.7541713454248724;0.4364610260896227;0.9684205621727782;-0.5041395085892963;-0.8459891558093922;0.8058907967927589;
nw=nw=nw=nw=
0.10373557349440365;0.5298415595270838;0.007426294911466957;-0.9995472754855717;-0.44381254982083185;0.04932881781720022;0.7954021031791327;0.4066036935349504;0.004991709318241;-0.7267491838235804;-0.3399747751074591;-0.06228840595813345;0.6863608309780329;-0.34164968232776305;-0.36586081426262207;-0.8847247103575542;0.1560350969012454;-0.8271453612943962;0.12218069779699325;-0.661795362880869;0.5316048037367662;-0.9617898294840568;0.2298831853432548;-0.6197956342423017;
nw=nw=nw=nw=
0.7425421400246148;-0.26582893176025646;-0.9416319481291373;0.07289436806394245;0.3555559666590351;-0.7373798768036666;0.6459121606102098;-0.5775793729244802;0.4479046050480562;0.17197538968585757;-0.005839290179873613;0.24282133203934708;-0.07206975615882238;-0.6272338802585324;0.042330428915464235;0.3312028712498911;-0.37230966021137957;0.3559238945568586;0.45322023198186523;-0.6063108547259175;-0.808329483961622;-0.28074197558339375;0.8604381150037241;0.8026993728920391;
nw=nw=nw=nw=
-0.20632709019710394;0.6745912673816759;-0.4529974491165645;0.7219700170991739;-0.24630946179158197;0.03792284181462646;-0.6092509225795193;0.6994212437978735;0.5150416955070443;-0.1959945560846379;-0.0744707998963603;0.3897791196947964;0.33198363058719016;0.3843930751228444;0.9893543938386222;-0.7296287829664456;0.572575763479646;-0.7781318446309746;0.1828846360637777;0.5886668562741044;0.3584219299259235;-0.0038596543313234033;-0.8824418547446966;-0.4337401920972206;
nw=nw=nw=nw=
0.05026552691596087;-0.9023509994963761;0.956013028034906;0.7731428224692143;-0.4727551028247714;0.2256395249235732;0.5157478296511999;-0.2814969117529791;0.06864272576578845;0.40859120757667755;-0.03586621536989565;-0.4664123028706353;0.0774820908094902;-0.03194967573849117;-0.3285821161454523;0.06157772037549658;-0.7531195964561361;0.7239076614917859;-0.1062644769972434;0.9389850819883558;-0.022229990842351555;0.8430219694170842;-0.6594154211300989;-0.5990038923660563;
nw=nw=nw=nw=
0.31107793291439;-0.11558190610866581;-0.10560386327433369;-0.3687237760645721;0.6876735960370197;0.6061556788496705;0.17821303178493264;0.7777191233238869;0.8098539687622346;0.0659132894461556;0.7551789774089521;0.7856257246457363;-0.15235246232998723;0.3525918127159058;-0.8042975603769755;0.2347141299209219;0.9219650487825721;-0.7206923143016739;0.07324164560785484;-0.018396966120987734;-0.5797139527325756;0.5911269803718247;-0.632850628699666;0.22525449385860963;
nw=nw=nw=nw=
-0.7122847065668951;0.8144695853245201;0.2977501783852239;0.06467217592535635;0.7163379815531512;-0.7037749619485627;0.0028150166107547836;0.4888716579989043;0.2348957620853791;0.7805428202205527;-0.5903000034682826;-0.10358307459082639;-0.47216106814545356;0.6068461309480997;-0.977750490248223;0.8971995070185592;-0.5182322952853626;0.20241668980140903;0.8408838294658534;0.1461439196860237;0.9155113983713998;0.5033771997064047;-0.9695453485828565;-0.9718150516799349;
nw=nw=nw=nw=

lw-lw-lw-lw-
-0.4937634895704375;-0.7964166823436258;0.5110893056662162;-0.8682688090844675;0.9210004655011144;-0.8731399350663152;-0.9586946758427506;-0.6040118708749924;0.13503605833429466;-0.02769569976062125;-0.8915317872111037;-0.9358948329688777;0.8386961669819155;-0.2606864639144626;-0.2315131964365369;
nw=nw=nw=nw=
0.9011323101223325;0.5113593169215624;-0.8370192265662149;-0.6428992118046692;-0.4690321438911904;0.6664987610964228;-0.9875219754282287;-0.5499543323009075;-0.7525375199139106;0.41609510365157143;0.5641082143790548;0.631777055009114;-0.9714341116898797;0.13477644227263674;0.3950185046958903;
nw=nw=nw=nw=
0.5413005180210495;-0.7829360680474622;-0.24291972366830183;0.007902077255613316;0.9136033684137759;-0.9470687425823485;-0.2313138486789763;-0.314424988978963;0.5971700462133704;0.10202351604711057;-0.38098026798564777;0.8121063003284028;-0.2663249963721226;-0.09881026537539994;-0.680753339573249;
nw=nw=nw=nw=
0.1080030206863758;-0.5926424647260258;0.7545422754944546;-0.04157986314823314;-0.2883649098826029;-0.09983915490458206;0.0016571294400442582;0.9023078560886564;0.6665260134288891;-0.2815850611688331;-0.05504475132485043;0.4393315985738395;0.9508630616250424;-0.5030456141120683;-0.3029494945718574;
nw=nw=nw=nw=

lw-lw-lw-lw-

____
-0.9753940586053116;
nb=nb=nb=nb=
0.30072877081905025;
nb=nb=nb=nb=
-0.12289124930424267;
nb=nb=nb=nb=
0.2797875349994603;
nb=nb=nb=nb=
-0.9573197132775848;
nb=nb=nb=nb=
0.7316729022602895;
nb=nb=nb=nb=
0.1338001215917446;
nb=nb=nb=nb=
-0.6029858957216561;
nb=nb=nb=nb=
-0.2800622347088493;
nb=nb=nb=nb=
-0.968113923042565;
nb=nb=nb=nb=
-0.09163326901229185;
nb=nb=nb=nb=
-0.2261158297799899;
nb=nb=nb=nb=
0.38442342261051143;
nb=nb=nb=nb=
0.2793780798512102;
nb=nb=nb=nb=
0.4245456207649769;
nb=nb=nb=nb=

lb-lb-lb-lb-
-0.28309597761544203;
nb=nb=nb=nb=
0.3373750319849276;
nb=nb=nb=nb=
-0.7291255884566463;
nb=nb=nb=nb=
-0.04274700162475553;
nb=nb=nb=nb=

lb-lb-lb-lb-
