-0.8826016337359974;0.15368842268682315;-0.5428327165092288;-0.11884481508425004;-0.7802386898444054;0.2434784901378011;-0.9075371655980884;-0.6886599124738997;0.32844643032366716;-0.2905351171165256;0.5795912081768928;0.9343366892148797;-0.8420702027781888;0.17617722072471498;0.7425379600216684;0.8917296418383029;-0.0008440552671991064;-0.3131344954589921;-0.8107620605918713;0.2184865500291575;-0.6001117907671534;0.4988979454533635;-0.3914512158117147;0.29151568109821135;
nw=nw=nw=nw=
0.8414541776677367;-0.7553232627574427;-0.5553235460075097;-0.05797053192121404;0.5185469458511793;0.44826634646246544;0.4749893103626843;0.3030327078332946;0.19712582603396145;-0.08729856761010768;-0.14130307180515178;-0.8611482212917763;0.599850848631301;0.2348144394229006;-0.7142290262562265;0.2421068370189512;-0.9697761889415137;-0.3653174322464434;0.5473334453549008;-0.0659222342507162;-0.1274998078147278;-0.5180334519149017;0.5542711753806258;-0.5426447759966135;
nw=nw=nw=nw=
-0.052429887795629515;-0.34602781268062577;-0.2909867337429448;0.9636770915814974;0.823064603838332;-0.836381619857441;0.5972631151366414;0.5605784630520814;0.6661466999169199;-0.166933077084364;-0.6143757108513537;-0.6073647239480382;0.01846434349222492;0.5447032971560517;0.5103027293848297;0.7052815934638133;-0.1329910265072367;-0.8821314242563638;-0.433128384924824;0.17278858412749254;0.9826722522612068;-0.6977571888668237;-0.5130134668255293;-0.9535238116457361;
nw=nw=nw=nw=
0.7922966058723508;0.9899917555764737;0.6216050026395941;-0.09687079216571948;-0.7428855724853995;-0.8378910114537457;0.8899917537906996;0.9303762386968379;-0.24388527593159193;0.6318524299495654;0.5268200791880566;-0.4659259362305368;0.7103355155616777;-0.5936118736378322;0.3789071201681389;0.7603487403056115;0.5694153873383163;-0.13034401978921872;0.3459426910291383;0.06161315471569573;0.4607862188852181;0.675553242507881;0.5928014521538063;-0.7366585264192964;
nw=nw=nw=nw=
-0.4401309725435891;-0.5956638722808576;0.8615196707128359;-0.0759826328230846;0.22482565008697186;-0.9034689792532;0.5628911722584888;-0.49432108859904056;0.19108984491634962;0.005906512551668186;-0.23527298596563284;0.026965895281794383;0.45858746819307417;-0.7979022830217675;-0.49701339512857357;0.15901641189537696;-0.8952991910106805;0.7718626503221251;0.46880384409248865;-0.4751902962845278;-0.7813672864052017;0.5418461745546992;0.05722699353285532;0.33553718724431625;
nw=nw=nw=nw=
-0.41680127947704904;0.8531928808441351;-0.515159623038089;-0.3138543914920342;0.001095673973735778;-0.8633628587502489;-0.42535873891434073;-0.5519449686545317;-0.5823973363048482;0.29168335575564064;0.8438480427287964;0.3469959771177069;0.3746779741944948;0.7425322024742698;-0.36228985600862096;-0.6198868890231621;-0.08514731561837507;0.897254836740073;-0.1689188103399777;-0.1312832486659159;-0.6767848210413141;0.5446363363729005;0.752583262106252;-0.3069324229604531;
nw=nw=nw=nw=
-0.05622035635170053;-0.24301623564861696;0.4309526512188775;-0.10451422800705612;-0.7384832993650272;0.5903190665894638;-0.840346201194828;-0.42974859788169995;0.8797434396322343;0.9050660386587224;-0.2813531113711092;-0.26840564185684146;0.5011598836622042;-0.4644304498638858;-0.9501050251529259;-0.6993119941793704;0.2958937250267033;-0.8195168401911941;0.09333423792397011;0.3777670683097216;-0.5827938809633508;-0.9396008076448961;0.30790116806671497;0.12836915542121918;
nw=nw=nw=nw=
0.7112515041479919;-0.7664360035767748;-0.005372033471936044;-0.7437662629805162;-0.8917000230272343;-0.39783045811504714;-0.12428752305002133;-0.2504785773222262;-0.2087305130790429;0.7652512113463215;-0.6727962899181703;-0.33704244633125646;-0.6493581622987854;-0.012356599340058283;-0.3820246516718393;-0.8479303996425218;0.06167265610533357;-0.09597735333694235;-0.8488378358215607;0.733104590645681;0.5182440613966741;0.2836978142813893;0.48273615178542495;-0.13283607296594013;
nw=nw=nw=nw=
-0.6283830390531908;0.06558298830241704;-0.2236097914195636;0.14360748784909783;0.3730003566109925;-0.5657361513114818;-0.6094978805022875;-0.6796782234291343;-0.02066563316150649;0.6674039753007994;-0.11790864828886471;-0.29970686833947213;0.9249836085603813;0.5069545493563414;0.011165447782485405;-0.692013498422414;0.6381910687676273;-0.7228608198937037;0.23891521421183692;-0.571117350926438;0.48333153702464204;0.8773750275094911;0.42202240510535005;0.9628963044772774;
nw=nw=nw=nw=
0.9115071938803685;0.23123098942935938;0.8169903919052874;0.33093143347730103;0.24864305833140476;0.648284197612446;0.045086808772549336;0.8714510042819805;-0.7802333563905417;-0.22953703425126526;0.6710002758502007;0.5979679849653381;0.12048781488931626;0.492727121278669;-0.42266021845259494;0.1170496027302752;0.41943630828733247;-0.8040602586071379;0.2797745045804303;0.6586792453150421;-0.5364717939526404;-0.8207548436032877;0.07296751401339252;-0.5552719873312539;
nw=nw=nw=nw=
-0.017185764927745595;-0.19816778812395963;-0.5497958064376811;-0.7382419033389813;-0.9224053042579112;0.2105907025352265;-0.2850003479799812;0.285171005361722;-0.37894140557285216;0.004978563507358702;-0.5728718970230582;0.8709902985806588;0.7694385389457012;0.32300031230135207;-0.5306209147129459;0.8213357771934942;-0.7394536331576722;-0.4503460713063199;-0.7115346877368838;-0.2866576878987781;0.4894195653918334;-0.8051314362529949;-0.2852694312121502;0.9842244766049211;
nw=nw=nw=nw=
0.616934878486779;-0.7329737152163405;0.016463934862781082;-0.4009208007966869;-0.7281970838544869;-0.9187222654470566;-0.37665074749227756;-0.47160083209668224;-0.6986558869044586;0.7844601067240238;0.6187242422181483;-0.8519002842076131;0.8419923873913393;0.07467492299932843;-0.03736348165635506;0.8802009359857053;0.32072384249881036;-0.5701956361449985;0.7204246874094717;-0.5412363672831073;0.22283316239767714;-0.5314164688577372;0.7756499859245325;0.8453203212832643;
nw=nw=nw=nw=
-0.017063835578946307;0.039280923039996196;0.9781007513393016;-0.07099695795801808;0.3511819784188779;-0.46473440372631325;0.08323897329118757;-0.8044684643235278;-0.4276772535671658;0.11513142384909503;0.33480210693339574;-0.4548544909746335;0.17217449243113037;0.12764059293258345;0.1548595426658712;0.9596237840874688;0.11675351214353635;0.6289803675777104;0.5634785580662225;-0.046947888334949894;0.008568392992168938;-0.42576596391875454;-0.6734711115837331;-0.7113474806677902;
nw=nw=nw=nw=
-0.15063970646996916;-0.24532685228436613;-0.7185531895657025;-0.94379165887408;0.1534238359689959;0.6341076606004508;-0.7479757238165965;0.979638276727969;-0.909640163202623;0.4604296554358631;0.45444003652416676;-0.7010713424934025;0.9834227565231628;0.39577385814984867;-0.027381130962925937;-0.4367990538020179;0.8615557336286863;-0.5134288829070492;-0.4457824684413074;-0.16314658800314197;-0.20109210456938742;0.11984161435861895;-0.5459084026647956;0.3986440935417501;
nw=nw=nw=nw=
0.08564117105267588;0.21247685345096334;0.4441959590503495;0.24084768098962384;0.8637735858021505;0.40692901789402947;-0.03231357402474;-0.7360695476822863;-0.2233550948933487;-0.8999339949785579;0.0415059322373712;0.8161206078482734;0.9980223496181158;-0.5482375812343805;-0.7455935429713691;0.8322942583204065;0.1047660969388502;-0.7541907629592379;-0.031303234506165234;-0.5936198844981719;0.18061938259202615;-0.1311753386643899;0.9126102272433765;0.6874081309674716;
nw=nw=nw=nw=

lw-lw-lw-lw-
0.8801301395826988;-0.7159156044583745;-0.6607364845433834;0.11848569160567934;0.7847966227894692;0.6134361870887164;-0.4666559128769421;-0.00697466462586771;-0.926807213738452;0.9714952974284319;-0.34616516716694123;-0.4837700904447477;-0.9334611637589658;0.8135772772872643;-0.060412162552774706;
nw=nw=nw=nw=
-0.3852742421839028;-0.48767494298245473;0.5363515457803949;0.33219467215955256;-0.9123871341848215;0.6072174195356732;-0.8053357911099286;0.893224721265008;0.9776008250436004;-0.6780011937413681;0.5105351179758424;0.10913798502645866;0.6555101941881214;0.5924425619814855;0.184744234479167;
nw=nw=nw=nw=
-0.26958592306429985;-0.46574356509039694;-0.8431460866722276;0.2615342153944733;0.46149413874447287;-0.6801677568729425;0.39583715591894797;-0.17220922158946572;0.34669708145839984;-0.4820342206104238;-0.0788991667768657;-0.4015376200854186;0.12334178928586526;0.47499301182349596;-0.08436991400819704;
nw=nw=nw=nw=
0.4061701287778581;-0.9250466833035396;0.4387814674123962;0.26575093339299993;0.6515420667553442;0.8466952623233048;0.17152712126884628;-0.09339475416295762;-0.9985123941118441;-0.9707588025717191;0.06293606851754707;0.7718089768846175;0.11423272176924604;-0.9779240783117025;0.5648787650873472;
nw=nw=nw=nw=

lw-lw-lw-lw-

____
0.31273762867711197;
nb=nb=nb=nb=
-0.634950467281651;
nb=nb=nb=nb=
-0.3982388201257987;
nb=nb=nb=nb=
0.4280634437958717;
nb=nb=nb=nb=
0.9432467295434308;
nb=nb=nb=nb=
-0.34052000704194363;
nb=nb=nb=nb=
-0.17299673511274039;
nb=nb=nb=nb=
-0.11870186174999842;
nb=nb=nb=nb=
-0.5937328827031323;
nb=nb=nb=nb=
0.11056885901456992;
nb=nb=nb=nb=
0.5848562047824273;
nb=nb=nb=nb=
-0.23242820798363573;
nb=nb=nb=nb=
0.01285582618957748;
nb=nb=nb=nb=
-0.1603053230137339;
nb=nb=nb=nb=
0.29532779832682854;
nb=nb=nb=nb=

lb-lb-lb-lb-
0.09105165373558166;
nb=nb=nb=nb=
0.42846859496647305;
nb=nb=nb=nb=
-0.9721005384823378;
nb=nb=nb=nb=
0.41457909168093154;
nb=nb=nb=nb=

lb-lb-lb-lb-
