0.4135966941947533;-0.7590134948034599;-0.289267049189319;-0.9601420718407756;-0.8889018823676138;-0.08495138536944391;0.9958867527295951;0.9539131579159337;0.29727328074771076;-0.8563651405132997;0.03260321005772426;0.527848161246782;-0.5931107709673002;-0.8122736042641758;0.08991335326781047;-0.36117291972725907;0.44028190606314976;-0.13604637641532835;0.943500291418994;0.5754751930840618;-0.717137265603284;-0.5761800286315522;0.3552232045920054;0.8809736904327243;
nw=nw=nw=nw=
-0.13484505489692422;-0.6691220884430633;0.21448945964611932;0.18087549206113662;-0.3808587098108678;-0.8287323028872586;0.5419702333987504;0.3912150713814384;-0.5625628404412575;-0.014321052208432494;0.8138316383956608;-0.04763769114951111;-0.0325925839294392;-0.08745409858342068;-0.21692607979664413;0.6030914652624171;-0.41081058147758265;-0.5653988937780772;0.8519434387075957;0.2608261521430757;0.6105835690854229;0.7887037794180796;-0.22462761866570014;0.6952794673844465;
nw=nw=nw=nw=
-0.4151864780069445;0.8401607457205391;-0.19895768703108851;0.0513263447818435;0.8710539624799762;0.6198890087335787;0.4580960426176657;-0.012029578123639695;0.5611530689765842;-0.21926380131443035;0.46999490091170526;0.5940346552378533;0.517212315744483;-0.26846699901472815;0.2989502188179072;0.4577227365840313;0.945204696682344;0.7351127160200552;0.6978128366192651;-0.19332094703180358;0.07037839486000963;0.7920174866984535;-0.9304093171846115;-0.5687892869596258;
nw=nw=nw=nw=
0.9760823632305042;0.9953382043846819;0.4337169942419792;-0.09156921263014373;-0.8249482756562727;-0.9885707587772039;-0.2400320850361124;0.47817585788795314;-0.32913334775415826;0.6318524299495654;0.5268200791880566;-0.4659259362305368;0.7103355155616777;-0.5936118736378322;0.3789071201681389;0.7603487403056115;0.5694153873383163;-0.13034401978921872;0.3459426910291383;0.06161315471569573;0.4607862188852181;0.675553242507881;0.5928014521538063;-0.7366585264192964;
nw=nw=nw=nw=
-0.4401309725435891;-0.5956638722808576;0.8615196707128359;-0.0759826328230846;0.22482565008697186;-0.9034689792532;0.5628911722584888;-0.49432108859904056;0.19108984491634962;0.005906512551668186;-0.23527298596563284;0.026965895281794383;0.45858746819307417;-0.7979022830217675;-0.49701339512857357;0.15901641189537696;-0.8952991910106805;0.7718626503221251;0.46880384409248865;-0.4751902962845278;-0.7813672864052017;0.5418461745546992;0.05722699353285532;0.33553718724431625;
nw=nw=nw=nw=
-0.41680127947704904;0.8531928808441351;-0.515159623038089;-0.3138543914920342;0.001095673973735778;-0.8633628587502489;-0.42535873891434073;-0.5519449686545317;-0.5823973363048482;0.29168335575564064;0.8438480427287964;0.3469959771177069;0.3746779741944948;0.7425322024742698;-0.36228985600862096;-0.6198868890231621;-0.08514731561837507;0.897254836740073;-0.1689188103399777;-0.1312832486659159;-0.6767848210413141;0.5446363363729005;0.752583262106252;-0.3069324229604531;
nw=nw=nw=nw=
-0.05622035635170053;-0.24301623564861696;0.4309526512188775;-0.10451422800705612;-0.7384832993650272;0.5903190665894638;-0.840346201194828;-0.42974859788169995;0.8797434396322343;0.9050660386587224;-0.2813531113711092;-0.26840564185684146;0.5011598836622042;-0.4644304498638858;0.16296278610585202;-0.6921708286557915;-0.003404751312101162;-0.5602356237883126;-0.7774144649044885;-0.1860838658808004;-0.23106431684944995;0.7700681462089165;0.8482258506497244;0.8416978421298524;
nw=nw=nw=nw=
0.7998812462360589;0.7249592951558905;-0.6412215618151467;-0.14846127197795678;-0.7022135358238288;-0.08731551577799657;0.48971342664659945;0.6572161816475406;0.9440781872525414;0.5057297440340469;-0.6727962899181703;-0.33704244633125646;-0.6493581622987854;-0.012356599340058283;-0.3820246516718393;-0.8479303996425218;0.06167265610533357;-0.09597735333694235;-0.8488378358215607;0.733104590645681;0.5182440613966741;0.2836978142813893;0.48273615178542495;-0.13283607296594013;
nw=nw=nw=nw=
-0.6283830390531908;0.06558298830241704;-0.2236097914195636;0.14360748784909783;0.3730003566109925;-0.5657361513114818;-0.6094978805022875;-0.6796782234291343;-0.02066563316150649;0.6674039753007994;-0.11790864828886471;-0.29970686833947213;0.9249836085603813;0.5069545493563414;0.011165447782485405;-0.692013498422414;0.6381910687676273;-0.7228608198937037;0.30054696333553066;0.9813544938393486;0.6209933735758402;0.17147777269624864;0.5438377866395976;-0.9781536328874267;
nw=nw=nw=nw=
0.876265459866747;0.3721608118150026;-0.17423314929497713;0.11210901608933499;0.01748166614285207;-0.5470650165272986;-0.800054892596697;0.08067167875536385;0.25046117225166653;0.222387094696888;-0.6249143983300856;0.4774463825663189;0.44273116113790656;-0.4930822297078328;0.4648190637123739;0.09186410748401852;-0.20532716447487198;0.4271772854670881;0.9701243990299611;-0.34435605537853653;-0.9382883441404912;0.3777727476188506;-0.8605426679026358;-0.3025819477958469;
nw=nw=nw=nw=
0.4401857718173108;-0.9582638394068752;-0.4994584831253366;0.8932141170785484;0.8942124026009082;-0.774852905013784;0.8769302800381866;-0.8876836331814815;0.4378797684708;-0.8690070866497444;0.8800367712062955;-0.7514891314558341;-0.23162845066448678;-0.290718891356081;-0.6955879443403619;-0.5000091264469166;0.2936453332645659;0.22865356352388488;-0.36677687955876714;-0.6232606188851988;-0.2682647021804958;0.4272548164270147;-0.0736544584944272;-0.7331580942784319;
nw=nw=nw=nw=
0.022375084962666936;0.7553015947841304;0.43801363854383113;0.8682891108367985;-0.35549838259034217;0.8891003651882188;0.12622697489848655;-0.2061407470934591;0.7971932637497408;0.9547159342440075;-0.2952953568248191;0.08640488582534589;-0.36762314952262853;-0.5059305357401276;-0.20151162078405127;0.35170978548307175;-0.68352143262869;-0.9494603907293562;0.4783269069066136;-0.5252728397778677;-0.15193599561197146;0.2347474505859306;-0.10830747079657033;0.5291777188921747;
nw=nw=nw=nw=
-0.8701537700116788;0.552576594584038;-0.6653858484462021;0.4250540354600536;-0.6382239457293617;0.6914383802461497;0.08323897329118757;-0.8044684643235278;-0.4276772535671658;0.11513142384909503;0.33480210693339574;-0.4548544909746335;0.17217449243113037;0.12764059293258345;0.1548595426658712;0.9596237840874688;0.11675351214353635;0.6289803675777104;0.5634785580662225;-0.046947888334949894;0.008568392992168938;-0.42576596391875454;-0.6734711115837331;-0.7113474806677902;
nw=nw=nw=nw=
-0.15063970646996916;-0.24532685228436613;-0.7185531895657025;-0.94379165887408;0.1534238359689959;0.6341076606004508;-0.7479757238165965;0.979638276727969;-0.909640163202623;0.4604296554358631;0.45444003652416676;-0.7010713424934025;0.9834227565231628;0.39577385814984867;-0.027381130962925937;-0.4367990538020179;0.8615557336286863;-0.5134288829070492;-0.4457824684413074;0.3255846487361562;-0.36180986774762824;-0.1352362257435531;-0.008198283582582455;-0.6108524338487118;
nw=nw=nw=nw=
-0.0765247180911015;0.6320283201251775;0.8280854421908419;0.6778678688543833;0.29728213202109854;0.07126467787250212;-0.7712262798505041;-0.7338357226276497;-0.5623526684908098;-0.004786557776008449;-0.48877274375716095;0.7744913738503065;-0.8096471412581805;0.584893463979957;0.9523805136939039;-0.8128686230806141;-0.49629879032772184;0.2635740999856131;0.04370649254118608;0.5874659366798836;-0.854349374461945;-0.3350583357060013;0.7365028026235916;-0.07430694155153228;
nw=nw=nw=nw=

lw-lw-lw-lw-
-0.11006776608743074;0.3038111985324825;-0.4397075194483744;0.17185979838082677;0.7430878730276771;0.8391042178529244;-0.046178301508070785;0.14521646841381664;-0.8826911640346009;0.9714952974284319;-0.34616516716694123;-0.4837700904447477;-0.9334611637589658;0.8135772772872643;-0.813676740743231;
nw=nw=nw=nw=
-0.3852742421839028;-0.48767494298245473;0.5363515457803949;0.33219467215955256;-0.9123871341848215;0.6072174195356732;-0.8053357911099286;0.893224721265008;0.9776008250436004;-0.6780011937413681;0.5105351179758424;0.10913798502645866;0.6555101941881214;0.5924425619814855;0.184744234479167;
nw=nw=nw=nw=
-0.26958592306429985;-0.036966020694058965;0.24380503626649963;-0.30618364318496094;0.8663663662577428;0.7273898182294409;0.05939283934935369;-0.9987472919034124;0.8220162273889589;-0.7762544982974711;-0.14340125105484014;-0.7105895638470077;0.03059495673470569;-0.8982371518062324;0.3681367985766224;
nw=nw=nw=nw=
0.03187672415996645;-0.08043403669684035;0.6766889577840496;0.41537567290779864;0.6572440325470625;-0.37748774026089515;0.17152712126884628;-0.09339475416295762;-0.9985123941118441;-0.9707588025717191;0.10663357656339767;0.8998983866550325;-0.4259586339970045;-0.9779240783117025;-0.4503223832487149;
nw=nw=nw=nw=

lw-lw-lw-lw-

____
0.38125420724392156;
nb=nb=nb=nb=
0.28861024941259217;
nb=nb=nb=nb=
0.12999548787841797;
nb=nb=nb=nb=
-0.3848914368440697;
nb=nb=nb=nb=
0.7070793726531139;
nb=nb=nb=nb=
-0.34052000704194363;
nb=nb=nb=nb=
-0.7768034757250684;
nb=nb=nb=nb=
-0.7364522610064186;
nb=nb=nb=nb=
-0.51952122173557;
nb=nb=nb=nb=
0.16053222940976664;
nb=nb=nb=nb=
-0.48103417784929015;
nb=nb=nb=nb=
0.2250596319761029;
nb=nb=nb=nb=
-0.6466812874060863;
nb=nb=nb=nb=
-0.3034435731837448;
nb=nb=nb=nb=
-0.8423911503212405;
nb=nb=nb=nb=

lb-lb-lb-lb-
-0.11459048386201154;
nb=nb=nb=nb=
0.243443818660807;
nb=nb=nb=nb=
0.4619032043011222;
nb=nb=nb=nb=
-0.5100617127844496;
nb=nb=nb=nb=

lb-lb-lb-lb-
