0.30309286601695673;0.6742328018520647;-0.3461489531556097;-0.8425590230762916;-0.24339621779296028;-0.5541235518522947;-0.5167453366495827;0.13082966629804238;-0.8612251727039273;0.7873348688604203;0.9323922457308875;0.5045248015096417;-0.9855446563902988;-0.33634752016334946;0.2635114650363366;-0.04204316556154053;-0.9240335639413833;-0.5190009411306944;0.19862922488040846;-0.9783749740354215;-0.3348179936205924;-0.703958412595769;-0.623505324934629;0.4848188451981166;
nw=nw=nw=nw=
-0.8559016836446196;-0.2927352336549689;0.02587701706980905;0.5342448973719345;-0.041983870788615096;-0.506966760096307;0.4821908388375473;0.15647972016956446;0.8668779229169137;-0.3171177956170834;0.06109645274393616;0.43137265013592696;0.7140287805488608;-0.850849541268097;-0.22782950443293615;-0.5513223090792492;0.6368758409748314;0.24203915979680946;-0.3443451324237623;-0.6622039328009834;0.6360051344838182;0.43223938309878585;-0.9482684556657242;0.1825049966582195;
nw=nw=nw=nw=
-0.9725297173569021;-0.813393977857918;0.8173380480751498;0.6938318664899092;0.6413988471265948;0.44849760942884;-0.29618849300747585;-0.9271948273881727;0.4786294535610909;-0.10475678609948869;0.4210806780777214;-0.5212160752872295;-0.7910063836760306;-0.24787584182297095;-0.13741736839378138;0.658193375061557;0.7615606802252572;-0.42286764938389654;0.23682595024622177;0.019150037509851003;-0.052608587026274245;-0.5637288591869827;-0.28075478525180486;0.015551034889451865;
nw=nw=nw=nw=
0.7061734984935661;0.25928399990479867;0.5362507440051314;-0.03630106767443442;0.6312165164289298;-0.6447236032180015;0.20542888421669847;0.3518814567115336;0.4430568986729544;0.8010965788353861;-0.9074886175660253;0.27934934179375515;-0.42085240576305405;0.46493978670724156;-0.2570376398889791;-0.8226869432371355;-0.2786250805808699;-0.6164549071914187;0.04229450283070446;0.3457036829138169;0.8746628108621646;-0.8780677454941936;-0.3753650145960272;-0.7970127506802249;
nw=nw=nw=nw=
0.3771952604771678;-0.09862320374473765;0.0002473702765886099;0.26075926819267004;0.2813781601050167;-0.411659766604936;0.5909963177835125;0.8831822464277559;-0.8092759584625409;0.6100582971792317;-0.3195413768445885;0.3553340162216905;0.2802793903876155;-0.28907313019421976;-0.7216890125392454;-0.53599632916957;0.931063038033269;0.8507629922449431;0.5638280334440471;0.6077507136369111;0.8871910225293234;0.7092612888440393;-0.8116717010459078;-0.04818029829790382;
nw=nw=nw=nw=
0.7851289979587013;-0.017000382594050345;0.08671798542509723;0.026423395073552847;-0.761323273869905;-0.8106207964230223;0.5277708879180709;-0.5202710969118731;0.35703672165091316;0.5383979402492285;0.9631475891058985;-0.8326595969643733;0.4375825301380092;0.0698727690951888;-0.6069331962374034;-0.6079146663274999;0.5529368723039367;-0.7754674153580867;-0.6110899328521526;0.9287436578098303;0.11864166761710337;-0.7218164000997591;0.13728355467666709;-0.7960709846710419;
nw=nw=nw=nw=
0.6981920077040138;0.977938575002105;-0.7840209707871595;-0.5100767037167688;-0.5344296936159756;-0.32588653002708945;-0.5954008218208013;-0.9601590780336595;-0.45852876100013074;0.9658736149520508;-0.6612204536328936;-0.27762440534460553;-0.8873180971048777;0.9559309720041012;0.31669804539008295;0.9465441534047261;-0.6918972593521744;-0.6083232578107518;0.9226656597377096;-0.7414265846442782;0.38758073772023205;0.06865207248134242;0.5750731765265766;-0.7072968203600545;
nw=nw=nw=nw=
0.0729739146405346;-0.5835390206088864;0.6118278702771813;-0.4933813576454762;-0.2307654130070691;0.21005323834667644;-0.29367163260874696;-0.8904167629259352;0.6111301099225304;-0.6793239006596565;-0.06737194587859974;-0.39015935563607074;-0.8009849627800723;-0.09804120389832649;-0.7952154310334896;-0.9312612842960348;-0.7616726686962942;0.4892252356008646;0.9330678513965396;-0.7211092445829344;0.2357152857172009;-0.6839380200019611;0.28365270722556035;-0.3740442387589853;
nw=nw=nw=nw=
0.7382942479133423;-0.8105788186171701;-0.23111480856485578;0.9965938861606649;-0.4165670410974889;0.5807863050655766;0.9727799078458361;-0.2513457996773023;0.4169259854904195;-0.10110870926578719;-0.5114531071994921;0.9109539262385364;0.7250760431302101;0.8778886945870807;-0.6588257973701146;-0.8505758852619234;-0.9324188851989026;0.5900794756125041;-0.7541713454248724;0.4364610260896227;0.9684205621727782;-0.5041395085892963;-0.8459891558093922;0.8058907967927589;
nw=nw=nw=nw=
0.10373557349440365;0.5298415595270838;0.007426294911466957;-0.9995472754855717;-0.44381254982083185;0.04932881781720022;0.7954021031791327;0.4066036935349504;0.004991709318241;-0.7267491838235804;-0.3399747751074591;-0.06228840595813345;0.6863608309780329;-0.34164968232776305;-0.36586081426262207;-0.8847247103575542;0.1560350969012454;-0.8271453612943962;0.12218069779699325;-0.661795362880869;0.5316048037367662;-0.9617898294840568;0.2298831853432548;-0.6197956342423017;
nw=nw=nw=nw=
0.7425421400246148;-0.26582893176025646;-0.9416319481291373;0.07289436806394245;0.3555559666590351;-0.7373798768036666;0.6459121606102098;-0.5775793729244802;0.4479046050480562;0.17197538968585757;-0.005839290179873613;0.24282133203934708;-0.07206975615882238;-0.6272338802585324;0.042330428915464235;0.3312028712498911;-0.37230966021137957;0.3559238945568586;0.45322023198186523;-0.6063108547259175;-0.808329483961622;-0.28074197558339375;0.8604381150037241;0.8026993728920391;
nw=nw=nw=nw=
-0.20632709019710394;0.6745912673816759;-0.4529974491165645;0.7219700170991739;-0.24630946179158197;0.03792284181462646;-0.6092509225795193;0.6994212437978735;0.5150416955070443;-0.1959945560846379;-0.0744707998963603;0.9467381714380534;-0.9924901721463524;0.2550446180754089;0.7906383091026279;-0.7002593358278493;-0.09137829940867204;0.552981817373051;0.7016825092692027;-0.06454797221868658;0.1374197459388926;0.700724724560337;-0.05174594030078872;0.9163056879732834;
nw=nw=nw=nw=
-0.2966848528731614;-0.23970108630078224;-0.20907271964410978;0.03256045647788319;-0.10805811108360297;-0.22445738168510498;0.9540529336439112;0.4220800654443033;0.7657269155120769;-0.041381350015502916;-0.03586621536989565;-0.4664123028706353;-0.4520173572218864;-0.835380782167757;-0.5783742353379175;0.5743714770546904;0.9566813047762708;0.982078889771274;0.3831115063411934;-0.1084855539042957;0.31325383337584545;-0.18771923045046646;-0.6463658168523325;0.06617972931352822;
nw=nw=nw=nw=
-0.9055795413760699;-0.49545966905873984;-0.38769858626106957;-0.367224320260501;-0.247715343379447;-0.9722879427823357;0.06713029837164619;0.36763578317440837;-0.42356245309253726;-0.2042807655265213;0.3519822428905415;-0.5323332528309865;-0.3835228094596863;-0.4566546615497231;-0.17692819334526;-0.5179832710024901;0.7109549569535158;-0.9188765875559894;-0.012026269356547381;-0.16069899754074468;-0.9300156770777466;-0.8463244310184055;0.7135248518420496;-0.4769311465290176;
nw=nw=nw=nw=
0.24354453788785335;-0.040895534097557196;0.7832899971618312;0.7037288473920316;0.07208472193602522;-0.1579316272553526;-0.5401419190170837;0.3948917986537037;0.14151429477094024;0.5617392194037134;-0.5483702745524375;0.7319062491024311;0.848445108508187;0.17106303220428498;-0.6592741205986743;-0.3612574631283696;0.09753566686891468;0.7498942956306689;-0.6603684916247785;-0.2189480438051672;-0.3997479259911021;-0.1887448619195642;0.4350976548687886;0.07194819939622654;
nw=nw=nw=nw=

lw-lw-lw-lw-
-0.20618196175902614;-0.7964166823436258;0.5110893056662162;-0.8682688090844675;0.9210004655011144;-0.8731399350663152;-0.9586946758427506;-0.6040118708749924;0.13503605833429466;-0.02769569976062125;0.38563577767447677;-0.44358271662992865;-0.7661433265482802;0.6064232975130912;0.9557025835058204;
nw=nw=nw=nw=
-0.5019551165625054;-0.4098507745525122;0.6209575335849515;-0.7952161991484052;0.5421204280770255;-0.2623583604353732;0.5470696012606886;-0.8422743072718881;0.8995329329152253;-0.9500374778895215;0.8075624267008423;0.5439138460326667;0.3244330415430663;-0.31338928231080243;0.9972973188140726;
nw=nw=nw=nw=
-0.8266651057490533;-0.5279106482381677;0.044251320779004066;0.9464288102517129;-0.929326008203418;0.16561283407969074;0.4833834181112282;0.18202693849885243;0.5971700462133704;0.10202351604711057;-0.38098026798564777;0.8791849501488911;0.6587921167146547;0.020494489195291177;0.1492633629049862;
nw=nw=nw=nw=
-0.5040977474408797;-0.8163941179090575;0.6038817004060499;0.6439623827873047;-0.7632300778686636;0.6152553566600931;-0.8872734557914379;0.3784516290523545;0.7663761930313469;0.34629715465753264;0.04605000076461807;-0.3605920550658206;-0.1925789043600119;-0.8426494601884895;0.1062227466526755;
nw=nw=nw=nw=

lw-lw-lw-lw-

____
0.11371837986460687;
nb=nb=nb=nb=
0.2967530431029748;
nb=nb=nb=nb=
0.33959999949952335;
nb=nb=nb=nb=
0.25723670354385475;
nb=nb=nb=nb=
-0.727118710764691;
nb=nb=nb=nb=
-0.5852361399294261;
nb=nb=nb=nb=
-0.8303978475506777;
nb=nb=nb=nb=
-0.6029858957216561;
nb=nb=nb=nb=
-0.46615583186051857;
nb=nb=nb=nb=
-0.968113923042565;
nb=nb=nb=nb=
-0.3092355076055444;
nb=nb=nb=nb=
-0.4422126750855402;
nb=nb=nb=nb=
-0.4118323258570469;
nb=nb=nb=nb=
0.9920730102014592;
nb=nb=nb=nb=
-0.0027567266355630338;
nb=nb=nb=nb=

lb-lb-lb-lb-
0.879698218573848;
nb=nb=nb=nb=
-0.3571471377144131;
nb=nb=nb=nb=
-0.3962619430853933;
nb=nb=nb=nb=
-0.1476713283857607;
nb=nb=nb=nb=

lb-lb-lb-lb-
