0.05885399960588478;0.045244401978562054;-0.9522370179086732;-0.6512479453128153;0.4696363397214207;0.9837100925994247;-0.37087611274942667;0.4385361254298732;-0.104268509888376;-0.8734938932327667;0.930938980577072;0.13838818840656897;0.9700490314849348;-0.3339956014160468;0.35424681600615937;0.9488892322794198;0.6388715615172185;0.5053205853611293;0.06776866636709644;0.1705049167719208;-0.5653793537287692;0.5069097554562723;0.27965210833872756;-0.7003293834292452;
nw=nw=nw=nw=
-0.5911510616308042;0.2695832987821587;0.39912688489895976;-0.8886402746205657;0.7853070712724521;-0.5301505338846955;-0.16875466621243418;0.2488304447338614;-0.15835819419747144;0.8007029315908245;-0.9717059017616334;0.43399476321045527;-0.14469575479848729;-0.32210950419663353;0.22503685079549274;-0.2539088169642556;0.3953035384913266;0.55585909465166;0.224375872379303;-0.43948445265029745;-0.0870672303398532;-0.42277169094931755;0.03308541780899432;0.5743097865198536;
nw=nw=nw=nw=
-0.9725297173569021;-0.813393977857918;0.8173380480751498;0.6938318664899092;0.6413988471265948;0.44849760942884;-0.29618849300747585;-0.9271948273881727;0.4786294535610909;-0.10475678609948869;0.4210806780777214;-0.5212160752872295;-0.7910063836760306;-0.24787584182297095;-0.13741736839378138;0.658193375061557;0.7615606802252572;-0.42286764938389654;0.23682595024622177;0.019150037509851003;-0.052608587026274245;0.20316731271374477;-0.526180992313052;0.38759764313175493;
nw=nw=nw=nw=
-0.8426836942867879;-0.44513853429946537;-0.9657629854119292;0.7097372429729409;-0.1328981295117484;0.014198561790279562;-0.15832043077500102;0.33445400764891553;-0.6701632387788148;0.015692201909672576;0.12216833847789155;-0.7419440845404939;-0.11054376340847227;-0.6334273315368875;-0.7331929179536041;0.5324689685231236;-0.3791602772929452;0.6828731276729039;-0.004540312559483395;0.06199720025381339;-0.2544715717937065;0.3482999357466767;0.46081851568544296;0.27247106479219063;
nw=nw=nw=nw=
0.0758333843643515;0.7737458724179911;0.6789769378631021;-0.33735253188837855;0.6686042205321521;0.7397899276116313;-0.831190923502559;-0.09169702193140261;0.525090080466251;0.7938510526462923;0.03443554165061635;0.8361267018533847;-0.5799786924402943;-0.23893933797193467;-0.6391680494001903;0.6109309248386405;0.8578108653103411;0.9593023557126801;-0.019688254649745884;-0.07303734082392865;-0.594869728966823;0.9577921965940208;-0.4695183208824991;-0.2160455354732933;
nw=nw=nw=nw=
-0.9139103560722348;0.4705592726887824;-0.15736104085741243;0.3600979881404487;-0.6706066569133551;-0.7208368980356905;0.4460648983804958;0.9134655971656482;-0.3188552946955525;-0.5351728761529493;-0.9802807891413479;-0.4384024727918796;-0.9911860280716496;-0.7840593969354297;-0.3405044021160015;-0.856357287992136;-0.7476366946699788;-0.6669722836122356;0.8721856490396536;-0.47511819879296335;0.4657894769904982;0.3286707361476351;0.5140924402874918;0.07954517981906006;
nw=nw=nw=nw=
0.6223130029921939;0.18295383369619422;-0.9995032189466904;-0.8972047246351953;-0.15903191829105512;0.9125773034750775;-0.538099983149313;0.014626496266559652;0.33465664112403526;-0.9415858084178634;0.328953710552341;-0.7111563771641447;0.5064033870178386;-0.35876564912716;0.16767177538470235;-0.7544119790834496;0.9704628535320212;-0.22769216648241497;-0.6270740805083623;0.31158103578825824;-0.5503392008161259;0.3505957766627772;0.378302846895588;-0.7072968203600545;
nw=nw=nw=nw=
0.0729739146405346;-0.5835390206088864;0.6118278702771813;-0.4933813576454762;-0.2307654130070691;0.21005323834667644;-0.29367163260874696;-0.8904167629259352;0.6111301099225304;-0.6793239006596565;-0.06737194587859974;-0.39015935563607074;-0.8009849627800723;-0.09804120389832649;-0.7952154310334896;-0.9312612842960348;-0.7616726686962942;0.4892252356008646;0.9330678513965396;-0.7211092445829344;0.2357152857172009;-0.6839380200019611;0.28365270722556035;-0.3740442387589853;
nw=nw=nw=nw=
0.7382942479133423;-0.8105788186171701;-0.23111480856485578;0.9965938861606649;-0.4165670410974889;0.5807863050655766;0.9727799078458361;-0.2513457996773023;0.4169259854904195;-0.10110870926578719;-0.5114531071994921;0.9109539262385364;0.7250760431302101;0.8778886945870807;-0.6588257973701146;-0.8505758852619234;-0.9324188851989026;0.5900794756125041;-0.7541713454248724;0.4364610260896227;0.9684205621727782;-0.5041395085892963;-0.8459891558093922;0.8058907967927589;
nw=nw=nw=nw=
0.10373557349440365;0.5298415595270838;0.007426294911466957;-0.9995472754855717;-0.44381254982083185;0.04932881781720022;0.7954021031791327;0.4066036935349504;0.004991709318241;-0.7267491838235804;-0.3399747751074591;-0.06228840595813345;0.6863608309780329;-0.34164968232776305;-0.36586081426262207;-0.8847247103575542;0.1560350969012454;-0.8271453612943962;0.12218069779699325;-0.661795362880869;0.5316048037367662;-0.9617898294840568;0.2298831853432548;-0.6197956342423017;
nw=nw=nw=nw=
0.7425421400246148;-0.26582893176025646;-0.9416319481291373;0.07289436806394245;0.3555559666590351;-0.7373798768036666;0.6459121606102098;-0.5775793729244802;0.4479046050480562;0.17197538968585757;-0.005839290179873613;0.24282133203934708;-0.07206975615882238;-0.6272338802585324;0.042330428915464235;0.3312028712498911;-0.37230966021137957;0.3559238945568586;0.45322023198186523;-0.6063108547259175;-0.808329483961622;-0.28074197558339375;0.8604381150037241;0.8026993728920391;
nw=nw=nw=nw=
-0.20632709019710394;0.6745912673816759;-0.4529974491165645;0.7219700170991739;-0.24630946179158197;0.03792284181462646;-0.6092509225795193;0.6994212437978735;0.5150416955070443;-0.1959945560846379;-0.0744707998963603;0.3897791196947964;0.33198363058719016;0.3843930751228444;0.9893543938386222;-0.7296287829664456;0.572575763479646;-0.7781318446309746;0.1828846360637777;0.5886668562741044;-0.3934378152052538;0.4685324301082123;0.5501604049964968;-0.5392295604354536;
nw=nw=nw=nw=
0.19736308326632646;-0.326256102425061;-0.23188878843246896;0.11361710222821952;-0.4727551028247714;0.2256395249235732;0.5157478296511999;-0.2814969117529791;0.06864272576578845;0.40859120757667755;-0.03586621536989565;-0.4664123028706353;-0.4520173572218864;-0.835380782167757;-0.5783742353379175;0.5743714770546904;0.9566813047762708;0.982078889771274;0.3831115063411934;-0.1084855539042957;0.31325383337584545;-0.18771923045046646;-0.6463658168523325;0.06617972931352822;
nw=nw=nw=nw=
-0.9055795413760699;-0.49545966905873984;-0.38769858626106957;-0.367224320260501;-0.247715343379447;0.8306465790372086;-0.0753906208577848;-0.9975884347126525;0.46728831209824784;0.9093913444569399;-0.6799753255493011;0.9823539033374231;0.808463522871778;-0.8978921293874043;-0.7425290893218368;-0.16631782172727472;-0.07354313439762605;0.29775131586713566;-0.6038267578954095;-0.08775019493111103;-0.6060135203107202;0.002289314338456805;-0.37379856306096304;-0.11935845464540673;
nw=nw=nw=nw=
0.1331794461823983;-0.6536878409801161;0.9662339918998548;0.09939152456286626;-0.8622745308363633;0.9633488875032032;0.03389044406531383;0.8638235533660452;0.4485011872343949;0.012530481031274743;-0.7903517573197747;0.8737043776731601;0.9102534893221821;-0.6199587736329986;-0.6043424224047493;0.7693331041796319;0.6913994625326907;0.10848526207850617;-0.16133633870283104;-0.20548683262226097;0.2614996666852807;-0.9016366081154326;0.7161329071644256;-0.9718150516799349;
nw=nw=nw=nw=

lw-lw-lw-lw-
-0.4937634895704375;-0.7964166823436258;0.5110893056662162;-0.8682688090844675;0.9210004655011144;-0.8731399350663152;-0.9586946758427506;-0.6040118708749924;0.13503605833429466;-0.02769569976062125;-0.8915317872111037;-0.4730901897409727;-0.3855452937683006;0.6064232975130912;-0.2315131964365369;
nw=nw=nw=nw=
0.5184179484244593;-0.6473059479939451;0.24904338131131643;0.7619175643435361;-0.5115004118901929;0.781574303924288;0.8964406538710081;0.6853036214353887;0.3857558625168862;0.3560753282170217;0.043371654000845306;-0.44852817990878524;-0.07345754641281665;0.9984820605187212;-0.5083230189915284;
nw=nw=nw=nw=
-0.8864532207616886;-0.3188283638002942;0.8969826921937447;0.15119522955116804;0.4993318110390541;-0.22930770959163982;0.8953508649004056;0.5513063318890983;0.7223554941956907;-0.12221312433811571;0.09620463621669062;-0.43432977578336485;0.6035645063241013;0.020494489195291177;0.1492633629049862;
nw=nw=nw=nw=
-0.5204692310259866;-0.9925898495907732;-0.376073564076302;-0.6250440068457173;0.5294028855208022;0.1918934599138491;-0.09471126980447342;-0.5449773634791348;-0.0733966784376352;-0.38926802402217686;0.39116979890235504;0.23230187623335619;-0.5108218610101072;0.4852297412101334;-0.3029494945718574;
nw=nw=nw=nw=

lw-lw-lw-lw-

____
-0.9753940586053116;
nb=nb=nb=nb=
0.30072877081905025;
nb=nb=nb=nb=
-0.56468563842126;
nb=nb=nb=nb=
0.5636816524476818;
nb=nb=nb=nb=
-0.6111964213918282;
nb=nb=nb=nb=
0.8301517434401524;
nb=nb=nb=nb=
0.6960647771616755;
nb=nb=nb=nb=
0.17689644080553668;
nb=nb=nb=nb=
-0.9393278958194256;
nb=nb=nb=nb=
-0.968113923042565;
nb=nb=nb=nb=
0.7417920949196688;
nb=nb=nb=nb=
0.7380205094764432;
nb=nb=nb=nb=
0.8600871402238712;
nb=nb=nb=nb=
-0.5697580088474552;
nb=nb=nb=nb=
-0.610015497847419;
nb=nb=nb=nb=

lb-lb-lb-lb-
0.0025477974423171457;
nb=nb=nb=nb=
0.48540754531453234;
nb=nb=nb=nb=
0.4670485805809723;
nb=nb=nb=nb=
-0.05725142329254007;
nb=nb=nb=nb=

lb-lb-lb-lb-
