-0.8826016337359974;0.15368842268682315;-0.5428327165092288;-0.11884481508425004;-0.7802386898444054;0.2434784901378011;-0.9075371655980884;-0.6886599124738997;0.32844643032366716;-0.2905351171165256;0.5795912081768928;0.9343366892148797;-0.8420702027781888;0.17617722072471498;0.7425379600216684;0.8917296418383029;-0.0008440552671991064;-0.3131344954589921;-0.8107620605918713;0.2184865500291575;-0.6001117907671534;0.4988979454533635;-0.3914512158117147;0.29151568109821135;
nw=nw=nw=nw=
0.8414541776677367;-0.7553232627574427;-0.5553235460075097;-0.05797053192121404;0.5185469458511793;0.44826634646246544;0.4749893103626843;0.3030327078332946;0.19712582603396145;-0.08729856761010768;-0.14130307180515178;-0.8611482212917763;0.599850848631301;0.2348144394229006;-0.7142290262562265;0.2421068370189512;-0.9697761889415137;-0.3653174322464434;0.5473334453549008;-0.0659222342507162;-0.1274998078147278;-0.5180334519149017;0.5542711753806258;-0.5426447759966135;
nw=nw=nw=nw=
-0.052429887795629515;-0.34602781268062577;-0.2909867337429448;0.9636770915814974;0.823064603838332;-0.836381619857441;0.5972631151366414;0.5605784630520814;0.6661466999169199;-0.166933077084364;-0.6143757108513537;-0.6073647239480382;0.01846434349222492;0.5447032971560517;0.5103027293848297;0.7052815934638133;-0.1329910265072367;-0.8821314242563638;-0.433128384924824;0.17278858412749254;0.9826722522612068;-0.6977571888668237;-0.5130134668255293;-0.9535238116457361;
nw=nw=nw=nw=
0.7922966058723508;0.9899917555764737;0.6216050026395941;-0.09687079216571948;-0.7428855724853995;-0.8378910114537457;0.8899917537906996;0.9303762386968379;-0.24388527593159193;0.6318524299495654;0.5268200791880566;-0.4659259362305368;0.7103355155616777;-0.5936118736378322;0.3789071201681389;0.7603487403056115;0.5694153873383163;-0.13034401978921872;0.3459426910291383;0.06161315471569573;0.4607862188852181;0.675553242507881;0.5928014521538063;-0.7366585264192964;
nw=nw=nw=nw=
-0.4401309725435891;-0.5956638722808576;0.8615196707128359;-0.0759826328230846;0.22482565008697186;-0.9034689792532;0.5628911722584888;-0.49432108859904056;0.19108984491634962;0.005906512551668186;-0.23527298596563284;0.026965895281794383;0.45858746819307417;-0.7979022830217675;-0.49701339512857357;0.15901641189537696;-0.8952991910106805;0.7718626503221251;0.46880384409248865;-0.4751902962845278;-0.7813672864052017;0.5418461745546992;0.05722699353285532;0.33553718724431625;
nw=nw=nw=nw=
-0.41680127947704904;0.8531928808441351;-0.515159623038089;-0.3138543914920342;0.001095673973735778;-0.8633628587502489;-0.42535873891434073;-0.5519449686545317;-0.5823973363048482;0.29168335575564064;-0.9732759457877318;-0.7029115686752687;0.9827774393907116;-0.13586029446646353;0.6283129064974164;0.974710412852158;-0.79578089591316;-0.24188571887209442;-0.35927488094051774;0.935999994527211;-0.5965462989479386;-0.3578637507442137;0.6504195816639953;-0.4671136449170892;
nw=nw=nw=nw=
-0.06270563164422782;0.29110480338871403;0.8167896562113557;-0.6408396270044177;0.8528891422229576;-0.04467130309685552;-0.946842203290321;0.5009650448183227;0.7416231205386414;-0.9949907850998494;-0.41730333971435196;-0.5125204276865818;-0.20138939205193362;0.6599629233477315;-0.17964180751210224;0.4080123645997016;-0.39226644050668735;-0.9283917691178345;-0.40989319185490647;-0.765724305751138;0.2964151191349025;-0.990396840771381;0.305545909267428;0.4302032577219552;
nw=nw=nw=nw=
-0.47867484250486925;-0.6835447287088661;-0.07013492384726794;0.8478088810147084;0.6083255740817517;0.47456362338070224;0.8249784254816599;-0.31577104464570516;-0.9286420159714803;-0.28230827346441245;0.9330616212387537;0.20064625646095124;0.9478015922942551;-0.024764269334391464;-0.9421599627066526;0.1604281104244416;0.4455386404309287;-0.5283269786454032;-0.7085555149545346;-0.13216849560724575;0.4119554030190262;0.647997060486426;-0.13049923901723948;0.8848689051270202;
nw=nw=nw=nw=
-0.12514898179233658;0.5236879505370586;-0.5684583759853645;-0.007461656383559223;0.380573709687108;-0.41348285878880153;0.012950738304850828;-0.26904679840320367;0.7811025765123851;0.27340771446966006;-0.11790864828886471;-0.29970686833947213;0.9249836085603813;0.5069545493563414;0.011165447782485405;-0.692013498422414;0.6381910687676273;-0.7228608198937037;0.30054696333553066;0.9813544938393486;0.6209933735758402;0.17147777269624864;0.5438377866395976;-0.9781536328874267;
nw=nw=nw=nw=
0.876265459866747;0.3721608118150026;-0.17423314929497713;0.11210901608933499;0.01748166614285207;-0.5470650165272986;-0.800054892596697;0.08067167875536385;0.25046117225166653;0.222387094696888;-0.719841232591677;0.4774463825663189;0.44273116113790656;-0.4930822297078328;0.4648190637123739;0.09186410748401852;-0.20532716447487198;0.4271772854670881;0.9701243990299611;-0.34435605537853653;-0.9382883441404912;0.3777727476188506;-0.8605426679026358;-0.3025819477958469;
nw=nw=nw=nw=
0.5091466453731217;-0.2914370274185203;-0.8627492339901284;-0.3753232601823322;-0.6078342548972511;-0.8249224990389725;-0.17703074839536637;-0.008865961007811007;-0.8479163818662623;0.6697247900836905;-0.8853098133484321;0.24495695373401594;0.14136911575186262;0.24083721313777628;0.7668846301904497;-0.4002785718957673;0.8617518737257126;-0.4469821425122458;0.2598544768396811;0.1408712998737187;0.6725096339963801;0.6039895106041875;-0.08667201228811416;0.0153439794915593;
nw=nw=nw=nw=
-0.2689231235682621;0.09064942853252855;-0.9020432371983123;0.5644063427549493;-0.2909804807636489;-0.7340672528856571;0.8938019493217317;0.6572204098417254;0.789967256036745;-0.614447061158401;-0.12399256212895282;0.6710894630438637;0.13694978869621144;-0.6887535736368369;0.866803122110112;0.02435795698576726;0.5812124363014526;-0.9494603907293562;0.4783269069066136;-0.5252728397778677;-0.15193599561197146;0.2347474505859306;-0.10830747079657033;0.5291777188921747;
nw=nw=nw=nw=
-0.8701537700116788;0.552576594584038;-0.6653858484462021;0.4250540354600536;-0.6382239457293617;0.6914383802461497;0.08323897329118757;-0.8044684643235278;-0.4276772535671658;0.11513142384909503;0.33480210693339574;-0.4548544909746335;0.17217449243113037;0.12764059293258345;0.1548595426658712;0.9596237840874688;0.11675351214353635;0.6289803675777104;0.5634785580662225;-0.046947888334949894;0.008568392992168938;-0.42576596391875454;-0.6734711115837331;-0.7113474806677902;
nw=nw=nw=nw=
-0.15063970646996916;-0.24532685228436613;-0.7185531895657025;-0.94379165887408;0.1534238359689959;0.6341076606004508;-0.7479757238165965;0.979638276727969;-0.909640163202623;0.4604296554358631;0.45444003652416676;-0.7010713424934025;0.9834227565231628;0.39577385814984867;-0.027381130962925937;-0.4367990538020179;0.8615557336286863;-0.5134288829070492;-0.4457824684413074;0.3255846487361562;-0.36180986774762824;-0.1352362257435531;-0.008198283582582455;-0.6108524338487118;
nw=nw=nw=nw=
-0.0765247180911015;0.6320283201251775;0.8280854421908419;0.6778678688543833;0.29728213202109854;0.07126467787250212;-0.8712277625030327;-0.21367163743787376;-0.9430643266118266;0.9792263247848618;-0.404542445717919;0.6465473198435352;0.4817457245249257;0.32278671364080513;-0.6947056123944917;-0.11463204868696497;0.2726190620437121;-0.23660032932066088;-0.031303234506165234;-0.5936198844981719;0.18061938259202615;-0.1311753386643899;0.9126102272433765;0.6874081309674716;
nw=nw=nw=nw=

lw-lw-lw-lw-
-0.8711619744209553;0.1538551612172292;0.4057402113480575;0.630393667590367;-0.5720341983589599;-0.5834136513308343;0.4343485259810098;-0.4334893485843683;0.416199022671629;-0.12342208949653966;0.17586519225059183;-0.8105221067882415;-0.9055576987066982;0.08105105345905828;-0.060412162552774706;
nw=nw=nw=nw=
-0.3852742421839028;-0.48767494298245473;0.5363515457803949;0.33219467215955256;-0.9123871341848215;0.6072174195356732;-0.8053357911099286;0.893224721265008;0.9776008250436004;-0.6780011937413681;0.5105351179758424;0.10913798502645866;0.6555101941881214;0.7231975443521428;-0.7078134899856221;
nw=nw=nw=nw=
0.26463362176618754;-0.33106029587448815;-0.752187944676687;-0.18692544209147566;0.5488495132021176;-0.2665118929895878;-0.07552476176495615;-0.7907459502178726;0.9082148309365472;0.3889755692168626;-0.0788991667768657;-0.4015376200854186;0.12334178928586526;0.47499301182349596;-0.08436991400819704;
nw=nw=nw=nw=
-0.6171892108143289;0.12321619417890606;0.8306211011250699;-0.28786986266540504;0.6572440325470625;-0.37748774026089515;0.35202991684379037;0.7819426143980779;0.1674202032385721;-0.07436585232183401;0.10663357656339767;0.8998983866550325;-0.4259586339970045;-0.9779240783117025;0.5648787650873472;
nw=nw=nw=nw=

lw-lw-lw-lw-

____
-0.9274721954376823;
nb=nb=nb=nb=
-0.634950467281651;
nb=nb=nb=nb=
0.45285947496221035;
nb=nb=nb=nb=
-0.954172307948739;
nb=nb=nb=nb=
0.009064063248352072;
nb=nb=nb=nb=
-0.22221197292825656;
nb=nb=nb=nb=
0.6984395022415084;
nb=nb=nb=nb=
0.891211309622578;
nb=nb=nb=nb=
-0.4637668586661652;
nb=nb=nb=nb=
0.44582121850195255;
nb=nb=nb=nb=
0.03505421845504486;
nb=nb=nb=nb=
-0.6187408386843449;
nb=nb=nb=nb=
0.3229679414270772;
nb=nb=nb=nb=
0.01198040630810282;
nb=nb=nb=nb=
0.7527900078089471;
nb=nb=nb=nb=

lb-lb-lb-lb-
0.7032160180112588;
nb=nb=nb=nb=
0.4851547624266168;
nb=nb=nb=nb=
0.6110757589020592;
nb=nb=nb=nb=
-0.9049813124418893;
nb=nb=nb=nb=

lb-lb-lb-lb-
