-0.16448002958256502;-0.32615468925832647;0.8749035517676846;-0.42120596541088084;-0.7979081594929234;-0.05315438002107986;0.9265602058267497;-0.24854074687877103;0.11706610663604256;-0.4423426621254616;0.5381690913135446;0.5429360719663852;-0.9452684940861094;0.31666307233235313;-0.574834634897639;-0.9133915032193232;-0.3550725030823221;0.39010279965157335;-0.036406996325566654;0.04192213082995644;0.6013515375215011;-0.9326158794558113;0.023412083575387044;0.46535923967745996;
nw=nw=nw=nw=
0.6929660096344679;-0.8839450763029921;0.44230673841520685;-0.24651857499666785;-0.3062544746577953;-0.7651116163780503;-0.7416740927304393;0.7172385071858511;0.3319548397855361;-0.40705520338348045;0.006333933756851762;-0.9433011862961216;-0.5165953457622321;-0.3745003299925207;0.4661522732235759;-0.40103983705416724;-0.21822632876053216;0.1571956937954191;-0.834620398217014;-0.6141767946729468;-0.3015117589447349;0.37432149221945554;-0.6557191200056633;0.6144651522556492;
nw=nw=nw=nw=
-0.5244501304398905;0.10708900012420042;0.9116386699909451;0.9636770915814974;0.823064603838332;-0.836381619857441;0.5972631151366414;0.5605784630520814;0.6661466999169199;-0.166933077084364;-0.6143757108513537;-0.6073647239480382;0.01846434349222492;0.5447032971560517;0.5103027293848297;0.7052815934638133;-0.1329910265072367;-0.8821314242563638;-0.433128384924824;0.17278858412749254;0.9826722522612068;-0.6977571888668237;-0.5130134668255293;-0.9535238116457361;
nw=nw=nw=nw=
0.7922966058723508;0.9899917555764737;0.6216050026395941;-0.09687079216571948;-0.7428855724853995;-0.8378910114537457;0.8899917537906996;0.9303762386968379;-0.24388527593159193;0.6318524299495654;0.5268200791880566;-0.4659259362305368;0.7103355155616777;-0.5936118736378322;0.3789071201681389;0.7603487403056115;0.5694153873383163;-0.13034401978921872;0.3459426910291383;0.06161315471569573;0.4607862188852181;0.675553242507881;0.5928014521538063;-0.7366585264192964;
nw=nw=nw=nw=
-0.4401309725435891;-0.5956638722808576;0.8615196707128359;-0.0759826328230846;0.22482565008697186;-0.9034689792532;0.5628911722584888;-0.49432108859904056;0.19108984491634962;0.005906512551668186;-0.23527298596563284;0.026965895281794383;0.45858746819307417;-0.7979022830217675;-0.49701339512857357;0.15901641189537696;-0.8952991910106805;0.7718626503221251;0.46880384409248865;-0.4751902962845278;-0.7813672864052017;0.5418461745546992;0.05722699353285532;0.33553718724431625;
nw=nw=nw=nw=
0.2146280647013603;0.5757387603902759;0.06795878068209271;0.33167946436576345;-0.432172764382208;0.5698958837257089;0.2659669168741754;0.7632567876623544;0.5526198126214266;-0.35721899981888616;0.5611150135995613;-0.4469437554791622;-0.354311178496614;-0.44363826354685343;0.21349302129531855;-0.7629713660979256;-0.6071206111240861;0.15699563412912543;0.9306950818990583;0.5489809026546131;-0.8435714984576206;-0.11585440033163219;0.6089822740442914;-0.24392958929241915;
nw=nw=nw=nw=
-0.5838939949873736;-0.6583551749353558;0.8474971392367687;-0.10998134037266927;0.8071719480880992;0.32016415309010826;-0.43555217617630815;0.01091615100157406;0.8952341854302672;0.002264762018846289;0.14124647337519702;-0.8154987330614534;-0.939547738695617;0.5810704528174435;-0.9501050251529259;-0.6993119941793704;0.2958937250267033;-0.8195168401911941;0.09333423792397011;0.3777670683097216;-0.23106431684944995;0.7700681462089165;0.8482258506497244;0.8416978421298524;
nw=nw=nw=nw=
0.7998812462360589;0.7249592951558905;-0.6412215618151467;-0.14846127197795678;-0.7022135358238288;-0.39783045811504714;-0.12428752305002133;-0.2504785773222262;-0.2087305130790429;0.7652512113463215;-0.6727962899181703;-0.33704244633125646;-0.6493581622987854;-0.012356599340058283;-0.3820246516718393;-0.8479303996425218;0.06167265610533357;-0.09597735333694235;-0.8488378358215607;0.733104590645681;0.5182440613966741;0.2836978142813893;0.48273615178542495;-0.13283607296594013;
nw=nw=nw=nw=
-0.6283830390531908;0.06558298830241704;-0.9830319534743424;-0.8906388321282628;-0.4556562234849437;0.24553868450706284;-0.1044136520180805;-0.5212182120505391;0.7855141977913738;-0.8706343552662674;-0.04228495580421354;0.7280081896515671;-0.28123045645371825;-0.36008732272489663;-0.950991321264963;0.8640246637086411;-0.015721140084149043;0.3357359415105483;0.6155885142220814;0.01690303335185872;-0.6572789100456549;-0.7820561929819498;0.26341363161385467;0.24314693887058647;
nw=nw=nw=nw=
-0.5838867114677122;0.8508354019458297;-0.6203614190302038;0.753063000458424;-0.899392034651654;-0.7459195437413992;0.03171818140234128;-0.26823871952545897;-0.4131539894737908;-0.07200300585860053;0.0680131571352518;-0.6110857882070884;0.2784483961216013;-0.07946685867394865;-0.37423316783410754;0.5968393341942184;-0.18990644363639597;0.9256786270510877;0.6123817116119599;0.0010720627136888705;-0.42318329716169134;-0.9283247026230761;0.0031203646934860885;-0.21887816773739588;
nw=nw=nw=nw=
0.5091466453731217;-0.2914370274185203;-0.8627492339901284;-0.3753232601823322;-0.6078342548972511;-0.8249224990389725;-0.17703074839536637;-0.008865961007811007;-0.8479163818662623;0.6697247900836905;-0.8853098133484321;0.24495695373401594;0.14136911575186262;0.24083721313777628;0.7668846301904497;-0.4002785718957673;0.8617518737257126;-0.4469821425122458;0.2598544768396811;0.1408712998737187;0.6725096339963801;0.6039895106041875;-0.08667201228811416;0.0153439794915593;
nw=nw=nw=nw=
-0.2689231235682621;0.09064942853252855;-0.9020432371983123;0.5644063427549493;-0.8657092233936543;-0.9187222654470566;-0.37665074749227756;-0.47160083209668224;-0.6986558869044586;0.7844601067240238;0.6187242422181483;-0.8519002842076131;0.8419923873913393;0.07467492299932843;-0.03736348165635506;0.8802009359857053;0.32072384249881036;-0.5701956361449985;0.7204246874094717;-0.5412363672831073;0.22283316239767714;-0.5314164688577372;0.7756499859245325;0.8453203212832643;
nw=nw=nw=nw=
-0.017063835578946307;0.039280923039996196;0.9781007513393016;-0.07099695795801808;0.3511819784188779;-0.46473440372631325;0.08323897329118757;-0.8044684643235278;-0.4276772535671658;0.11513142384909503;0.33480210693339574;-0.4548544909746335;0.17217449243113037;0.12764059293258345;0.1548595426658712;0.9596237840874688;0.11675351214353635;0.6289803675777104;0.5634785580662225;-0.046947888334949894;0.008568392992168938;-0.42576596391875454;-0.6734711115837331;-0.7113474806677902;
nw=nw=nw=nw=
-0.15063970646996916;-0.24532685228436613;-0.7185531895657025;-0.94379165887408;0.1534238359689959;0.6341076606004508;-0.7479757238165965;0.979638276727969;-0.909640163202623;0.4604296554358631;0.45444003652416676;-0.7010713424934025;0.9834227565231628;0.39577385814984867;-0.027381130962925937;-0.4367990538020179;0.8615557336286863;-0.5134288829070492;-0.4457824684413074;0.3255846487361562;-0.36180986774762824;-0.1352362257435531;-0.008198283582582455;-0.6108524338487118;
nw=nw=nw=nw=
-0.0765247180911015;0.6320283201251775;0.938343111826281;-0.19988119085739098;0.15054700909272234;-0.900363401079987;-0.7125202689551713;-0.08120985013284421;-0.9173894569186489;0.7503482161766644;0.7600186016220409;0.29430049052965934;-0.7109261498245336;0.38712602780302796;-0.4769653159727423;-0.6103601976631199;-0.5778165574111935;-0.5077887176586022;0.4482342322444628;0.6170012933720004;0.44866866029706465;0.24095830781131267;-0.10650436646015993;-0.9099850431053387;
nw=nw=nw=nw=

lw-lw-lw-lw-
0.8801301395826988;-0.7159156044583745;-0.6607364845433834;0.11848569160567934;0.7847966227894692;0.6134361870887164;-0.4666559128769421;-0.22534687831162903;-0.7774653381726189;0.6913763445305072;-0.41770058118161746;0.22551705591863147;0.23582352180056665;0.7771818728213402;0.3886913722627454;
nw=nw=nw=nw=
0.2506321018794082;0.5442873132515209;-0.21649026549717987;0.8643068095437436;-0.7370284739256616;-0.6566541536780772;0.4820186776929314;0.4819603392361682;-0.43554286711429757;0.6378203777001834;0.8696231766836997;0.8329342523215919;-0.7267248871807324;-0.38435805508103615;0.8464154994241584;
nw=nw=nw=nw=
-0.6780822181053561;-0.677971589767844;0.3286059360628262;0.19008120354989555;0.22387248389051528;0.27853848661738945;-0.8280020761177678;0.8553086473765315;0.7982467366568877;-0.4313871401012199;-0.9475778443427301;-0.09267247126948419;-0.8691054365618762;-0.2835841409316666;-0.8515526512173046;
nw=nw=nw=nw=
0.05597615173164083;0.41419903015376813;0.13843109346626092;0.7657494726289089;0.9862431852557734;0.457896067714193;-0.6965348339389987;-0.8186635347041034;0.3705026798363089;0.9643157985004249;-0.013842490507210536;-0.6054606876317852;0.22140248799331164;-0.9253974832950553;-0.31897211802357406;
nw=nw=nw=nw=

lw-lw-lw-lw-

____
0.3038443041546197;
nb=nb=nb=nb=
0.2134622916319795;
nb=nb=nb=nb=
0.5654216978328848;
nb=nb=nb=nb=
-0.954172307948739;
nb=nb=nb=nb=
-0.07710584345459348;
nb=nb=nb=nb=
0.8340593929955209;
nb=nb=nb=nb=
-0.10429920467814235;
nb=nb=nb=nb=
-0.8837663112559571;
nb=nb=nb=nb=
0.1297024459869469;
nb=nb=nb=nb=
-0.18996875960220927;
nb=nb=nb=nb=
0.8187507823229672;
nb=nb=nb=nb=
0.7040670878936173;
nb=nb=nb=nb=
0.6775082675601849;
nb=nb=nb=nb=
0.4440600088469968;
nb=nb=nb=nb=
-0.8336053209053929;
nb=nb=nb=nb=

lb-lb-lb-lb-
-0.08854113259818841;
nb=nb=nb=nb=
-0.4175276527807401;
nb=nb=nb=nb=
-0.8413016445592925;
nb=nb=nb=nb=
0.10451546939912704;
nb=nb=nb=nb=

lb-lb-lb-lb-
