-0.8826016337359974;0.15368842268682315;-0.5428327165092288;-0.11884481508425004;-0.7802386898444054;0.2434784901378011;-0.9075371655980884;-0.6886599124738997;0.32844643032366716;-0.2905351171165256;0.5795912081768928;0.9343366892148797;-0.8420702027781888;0.17617722072471498;0.7425379600216684;0.8917296418383029;-0.0008440552671991064;-0.3131344954589921;-0.8107620605918713;0.2184865500291575;-0.6001117907671534;0.4988979454533635;-0.3914512158117147;0.29151568109821135;
nw=nw=nw=nw=
0.8414541776677367;-0.7553232627574427;-0.5553235460075097;-0.05797053192121404;0.5185469458511793;0.44826634646246544;0.4749893103626843;0.3030327078332946;0.19712582603396145;-0.08729856761010768;-0.14130307180515178;-0.8611482212917763;0.599850848631301;0.2348144394229006;-0.7142290262562265;0.2421068370189512;-0.9697761889415137;-0.3653174322464434;0.5473334453549008;-0.0659222342507162;-0.1274998078147278;-0.5180334519149017;0.5542711753806258;-0.5426447759966135;
nw=nw=nw=nw=
-0.052429887795629515;-0.34602781268062577;-0.2909867337429448;0.9636770915814974;0.823064603838332;-0.836381619857441;0.5972631151366414;0.5605784630520814;0.6661466999169199;-0.166933077084364;-0.6143757108513537;-0.6073647239480382;0.01846434349222492;0.5447032971560517;0.5103027293848297;0.7052815934638133;-0.1329910265072367;-0.8821314242563638;-0.433128384924824;0.17278858412749254;0.9826722522612068;-0.6977571888668237;-0.5130134668255293;-0.9535238116457361;
nw=nw=nw=nw=
0.7922966058723508;0.9899917555764737;0.6216050026395941;-0.09687079216571948;-0.7428855724853995;-0.8378910114537457;0.8899917537906996;0.9303762386968379;-0.24388527593159193;0.6318524299495654;0.5268200791880566;-0.4659259362305368;0.7103355155616777;-0.5936118736378322;0.3789071201681389;0.7603487403056115;0.5694153873383163;-0.13034401978921872;0.3459426910291383;0.06161315471569573;0.4607862188852181;0.675553242507881;0.5928014521538063;-0.7366585264192964;
nw=nw=nw=nw=
-0.4401309725435891;-0.5956638722808576;0.8615196707128359;-0.0759826328230846;0.22482565008697186;-0.9034689792532;0.5628911722584888;-0.49432108859904056;0.19108984491634962;0.005906512551668186;-0.23527298596563284;0.026965895281794383;0.45858746819307417;-0.7979022830217675;-0.49701339512857357;0.15901641189537696;-0.8952991910106805;0.7718626503221251;0.46880384409248865;-0.4751902962845278;-0.7813672864052017;0.5418461745546992;0.05722699353285532;0.33553718724431625;
nw=nw=nw=nw=
0.060694944091162606;0.33002548951938815;0.5087116328287082;0.35053745003759884;-0.36025701120842224;-0.8334152664845553;-0.7670101117601225;-0.6840511866364576;0.18034117181178444;0.7451643423563139;0.9935131007378823;0.5861504208102069;0.39672324522159097;-0.5230895593796177;0.7999623950495709;0.101935258786096;-0.24426875350423316;0.6078477176510948;0.9136064967188129;0.5759914802455832;0.2678678453743524;-0.7846209314389858;0.7142178060323598;-0.339722548967607;
nw=nw=nw=nw=
0.16752892637747063;-0.9196913053471247;0.4730202414091429;0.7270979635482187;-0.5076990398886161;0.1602999840537329;-0.6877658166431986;-0.5082156769933242;-0.1064409826815853;0.31167779029066733;-0.38551008683555676;0.41110460222717826;-0.04417275468260318;0.17818412963570118;-0.8169413199409454;-0.37749585315616074;0.2267828599864803;-0.9413793086169913;-0.517025822306943;0.9296778367093639;0.14344909906349157;0.2068170949172301;-0.9443171763544138;-0.35579945450186146;
nw=nw=nw=nw=
-0.47774205388018753;0.7421671224740365;-0.005372033471936044;-0.7437662629805162;-0.8917000230272343;-0.39783045811504714;0.6527814110434116;-0.4305015659575633;-0.23769689007392447;-0.6543475543122093;0.7575671821807424;-0.7724533186471827;0.2983412329556274;-0.5661239592855989;0.8282047596627196;-0.8823394598944192;0.7692306906484112;0.2191212492494048;-0.6003023875417206;-0.16296450017724062;0.4336270895794534;0.6887995575351227;0.239904720274414;-0.9340730422345414;
nw=nw=nw=nw=
0.23520070483004618;0.06503092148667045;0.8701947721442782;-0.4904293490744198;0.5973765034381839;0.42102100826753075;-0.8766598844412563;-0.17558838081753003;0.3911076027109104;0.6264175065212494;-0.7849656298470626;0.572854778619768;0.18546225958631135;-0.5954673778329727;0.4733560049669647;0.3371357823826504;-0.546330212562609;-0.7368530581489698;0.9652932300507155;0.18066237079816272;-0.737954171067408;-0.4602988223821258;-0.09657523517229327;-0.06592112223370372;
nw=nw=nw=nw=
0.9115071938803685;0.23123098942935938;0.8169903919052874;0.33093143347730103;0.24864305833140476;0.648284197612446;0.045086808772549336;0.8714510042819805;-0.7802333563905417;-0.22953703425126526;0.6710002758502007;0.5979679849653381;0.12048781488931626;0.492727121278669;-0.42266021845259494;0.1170496027302752;0.41943630828733247;-0.8040602586071379;0.2797745045804303;0.6586792453150421;-0.5364717939526404;-0.8207548436032877;0.07296751401339252;-0.3025819477958469;
nw=nw=nw=nw=
0.4401857718173108;-0.9582638394068752;-0.4994584831253366;0.8932141170785484;0.8942124026009082;-0.774852905013784;0.8769302800381866;-0.8876836331814815;0.4378797684708;-0.8690070866497444;0.8800367712062955;-0.7514891314558341;-0.23162845066448678;-0.290718891356081;-0.3798707596279094;-0.015955573691579072;0.8383855949416432;0.4614033496420893;0.8232543809384492;0.8956069303668108;0.4756311759472416;-0.025832954465705882;0.3670408535583025;0.06359216903111387;
nw=nw=nw=nw=
-0.6541849657576262;-0.0857110742396674;-0.1407850578161307;0.936041542182503;-0.2909804807636489;-0.7340672528856571;0.8938019493217317;0.6572204098417254;0.789967256036745;-0.614447061158401;-0.12399256212895282;0.6710894630438637;0.13694978869621144;-0.6887535736368369;0.866803122110112;0.02435795698576726;0.5812124363014526;-0.9494603907293562;0.4783269069066136;-0.5252728397778677;-0.15193599561197146;0.2347474505859306;-0.10830747079657033;0.5291777188921747;
nw=nw=nw=nw=
-0.9757436650716336;0.6322099552698308;0.4164221898894904;-0.2602832372788437;0.7987146450382545;0.31551693875135434;0.00747951867984642;0.7798099012541322;0.48182082310331786;0.062421507908499096;0.4066467372869287;0.5618075788607133;0.5859350948371156;0.6235328642411946;0.35851969531925487;-0.9521876554878639;0.2616350561148657;-0.39305394929720716;-0.620765949646944;-0.0367692495145604;0.008568392992168938;-0.42576596391875454;-0.6734711115837331;-0.7113474806677902;
nw=nw=nw=nw=
-0.15063970646996916;-0.24532685228436613;-0.7185531895657025;-0.94379165887408;0.1534238359689959;0.6341076606004508;-0.7479757238165965;0.979638276727969;-0.909640163202623;0.4604296554358631;0.45444003652416676;-0.7010713424934025;0.9834227565231628;0.39577385814984867;-0.027381130962925937;-0.4367990538020179;0.8615557336286863;-0.5134288829070492;-0.4457824684413074;0.3255846487361562;-0.36180986774762824;-0.1352362257435531;-0.008198283582582455;-0.6108524338487118;
nw=nw=nw=nw=
0.5301983190915636;0.6320283201251775;0.938343111826281;-0.19988119085739098;0.15054700909272234;0.40692901789402947;-0.03231357402474;-0.7360695476822863;-0.2233550948933487;-0.8999339949785579;0.0415059322373712;0.8161206078482734;0.9980223496181158;-0.5482375812343805;-0.7455935429713691;0.8322942583204065;0.1047660969388502;-0.7541907629592379;-0.031303234506165234;-0.5936198844981719;0.18061938259202615;-0.1311753386643899;0.9126102272433765;0.6874081309674716;
nw=nw=nw=nw=

lw-lw-lw-lw-
-0.6413021935895806;0.1538551612172292;0.4057402113480575;0.17185979838082677;0.7430878730276771;0.8391042178529244;-0.046178301508070785;0.14521646841381664;-0.8826911640346009;-0.34713920952281363;0.2787150808448371;-0.8210050374751017;-0.798373868108899;-0.7194794701444602;0.7279125234704138;
nw=nw=nw=nw=
-0.028690322450227956;0.4233172863569252;-0.3797366597413103;-0.464053317696971;-0.9054081237637761;-0.8123516451658903;0.9723818577661154;0.433609986091817;-0.00380623455175666;0.6378203777001834;0.8696231766836997;-0.15071559316504413;0.6555101941881214;0.5924425619814855;0.184744234479167;
nw=nw=nw=nw=
-0.40166167115550344;0.33453471714597116;0.5737991233457669;0.38403320246760075;-0.15593451205440334;0.08730860302805188;0.5542508074272159;-0.5340811053656027;-0.09822416199075823;0.3889755692168626;0.9267554511580844;-0.4015376200854186;0.12334178928586526;0.47499301182349596;-0.08436991400819704;
nw=nw=nw=nw=
0.03187672415996645;-0.08043403669684035;0.6766889577840496;0.41537567290779864;0.6572440325470625;-0.37748774026089515;0.17152712126884628;-0.09339475416295762;0.1674202032385721;-0.07436585232183401;-0.37636891435024356;0.8300278945497028;0.3341340748467714;-0.9779240783117025;0.5648787650873472;
nw=nw=nw=nw=

lw-lw-lw-lw-

____
0.16754309866735007;
nb=nb=nb=nb=
0.28766056185917055;
nb=nb=nb=nb=
-0.3982388201257987;
nb=nb=nb=nb=
-0.7233453458088845;
nb=nb=nb=nb=
-0.07710584345459348;
nb=nb=nb=nb=
0.5584967009158739;
nb=nb=nb=nb=
0.8829308896441961;
nb=nb=nb=nb=
-0.15502426349518683;
nb=nb=nb=nb=
0.8923378659197041;
nb=nb=nb=nb=
-0.872500314811943;
nb=nb=nb=nb=
-0.5203490327917659;
nb=nb=nb=nb=
0.44844957544816966;
nb=nb=nb=nb=
0.8297815852421337;
nb=nb=nb=nb=
0.2012946020603319;
nb=nb=nb=nb=
0.14118424019216813;
nb=nb=nb=nb=

lb-lb-lb-lb-
0.7473733985262587;
nb=nb=nb=nb=
-0.7110455716463562;
nb=nb=nb=nb=
-0.870627511545079;
nb=nb=nb=nb=
-0.8899387689667264;
nb=nb=nb=nb=

lb-lb-lb-lb-
