-2.341520195657825;0.6968175957001255;1.0512596106116259;-0.7549393161880922;0.787951691452953;-0.004759296461932591;0.3279666380301791;-0.4264495830869621;-0.3130730179789653;-0.6016348600635838;0.5102893731411094;-1.7113830625640767;0.8530668416168369;-0.8208899948249417;0.17671761967443245;-0.27114201532073573;-0.9085271042722642;-0.16619149700544114;0.07439931311080525;-0.17069731574131025;0.5997534946641064;-0.325626996648719;-1.595000558196163;-1.3085946407148463;
nw=nw=nw=nw=
-0.14651365912598754;1.1840357894696012;0.8086750017953305;2.5270888721945073;-0.6220783328717028;-0.7992645653004147;-2.040664000875857;1.0152309414067784;0.9445287837771806;1.7405029673951347;0.4897966734428475;1.5713572720937834;-0.9546545914676907;-1.3900428759906207;-0.2915994389448102;0.06073171038800086;1.0020216045256662;-0.011812014060028618;0.8971807367672828;0.300201325664267;-0.8175614675156179;-1.5117595013461262;-0.22001855680078913;-0.290066553376362;
nw=nw=nw=nw=
-1.022078583176444;-0.0394032702646655;1.065565436446341;-0.6332300929599375;-1.250863324605971;0.5925699349594319;-2.5695910511498483;-0.2956539235560935;1.2013778174431697;0.9592547533850183;0.3568621821760089;-0.37971312190638384;1.5293030094507376;0.3936867303484233;-0.00839544988123442;-1.321515383013298;-2.1931420891686244;-0.38451851497312106;1.605423414685581;0.8106866762243484;0.3416558377368413;-0.9005018030681338;0.19855803977091158;-1.2294215211028205;
nw=nw=nw=nw=
-2.002592221867301;2.53426958783046;0.29205176102566544;1.5488107446264237;-0.5081375246958967;-1.898131257388913;-1.0488685212351532;-1.328715712438063;-0.481196578687162;0.04993754838270596;0.09291404589842797;1.5780547345893654;0.2485166492613392;-2.648157385162217;-0.6478311786074002;0.24787830123675683;0.3475811599700117;-0.32034413175428555;-0.4792462056726461;-0.5602194227927535;0.8605568907265199;0.39042582378911495;0.24034348435267797;-0.435457492234587;
nw=nw=nw=nw=
-0.5436970616652533;-0.3185328793751074;0.7572060596643525;-0.6975131895880896;-1.8112428304388648;0.292745037375805;1.0857143318050293;1.7910619244958645;-0.6134525615007184;-0.4317613134313432;-0.7082471419763673;-0.14108922317115996;1.0524177164856328;-0.6154405496027191;-0.6107733013115094;-1.0226987221621802;1.1104191920566036;-1.8136874209010814;-0.189463828762842;-0.9574051440316578;0.5635592184086233;-0.29768609189446765;-0.4844131333323251;0.6134778452181614;
nw=nw=nw=nw=
1.4332683589360344;0.5953750254383108;-0.4031101539317821;-0.16689669436434454;0.0995463501804234;1.1981125807433255;0.043500646931604096;-2.1676178317197117;-1.0519128445596895;-0.5803687695674412;-1.5534553145458672;-1.2920358475613334;-0.27135833905918927;-0.44204954019786885;1.3306929928806595;1.312854723980693;2.0378647641758603;0.11401615542060053;0.012758655484105043;0.5951947345783121;-0.20057024357127246;0.5946449405695685;0.13936703441863488;0.3573614089030711;
nw=nw=nw=nw=
1.1511153311975355;-0.5495481878559494;1.3164213338486563;1.5566208805681354;-1.7225755076134261;-0.06935063596048972;0.3312192569192351;-0.38073553532093707;-0.015432399807104383;0.8989185957287309;-0.08056432705838482;1.5465381436352867;0.6747825784642808;0.8040800658290735;-1.1547434786457673;0.46870635475417016;0.11305458060483681;0.5423173509793283;-0.21959207504199804;-1.748492303687243;0.18016183490386264;1.6974132813424596;-0.39671134400651586;-0.25914521677362545;
nw=nw=nw=nw=
-0.7854519324547854;1.088652212368598;-1.356648355252956;-0.01677881896470477;-1.1440313545255958;-0.6316827938313025;1.4409183972909747;-1.6726925772032808;-0.9733393734276016;-0.5316337843388506;-1.6949796583722367;-2.5915054407519187;-0.42267597158233583;-0.8884546663850691;0.32315169061214966;-0.7885751576594187;0.4365565952801109;1.1166238890977886;-0.6992186379500757;-0.5594568645830577;-0.21589935372463248;0.03456320041187831;1.3748508480805743;0.48554671265346977;
nw=nw=nw=nw=
0.23754789076983945;-0.3164723189272006;0.41934499813567494;0.5695609069325738;2.2441301481914535;1.5978111463828237;0.03151302812824521;0.488435147004062;-2.4840508485739763;-0.7308302996562992;-0.16162269504437177;-0.7701163343227004;1.9255915932239045;-0.14126325197740972;0.43463431705121447;-0.8148078359407247;-0.7165046490142742;-1.0787520044496999;-2.1833823749751433;-0.19141264171188765;1.0626276955431726;-0.4895886521028604;0.6992190294112536;0.41893232318947515;
nw=nw=nw=nw=
0.43831458399202067;-1.2985250269520285;-2.206855897386315;0.0930429148084594;1.569121780807883;2.035630679694624;1.3967504121361627;1.010317830414986;-2.8076011218417896;1.0034760614512765;1.257440990294247;-0.9116696264337479;0.6244495178720214;0.7662995710846613;0.7583785841214434;-0.7764335682568979;-0.6159307416060121;-1.4135131017351872;-0.746479092652082;-0.19271042743264044;-0.8812922771936195;1.444548639115796;-0.45141038815617973;0.1952995179953627;
nw=nw=nw=nw=
0.29655753003205326;-1.044105079679935;1.357562216317827;0.3352526021037669;-0.05023138574841129;-1.165685014193434;0.6629283331475792;0.73853570989269;0.500189978920948;2.160619879721673;-1.7999563552468698;0.5910369659380603;0.10057849538687069;0.17766208756376647;-0.9098168362283843;-0.22681868582771164;1.5077253275736628;-2.0266405921824795;-1.1265741308594956;-1.0357793540196323;1.8792587829604823;1.2698879174518918;2.156512389234053;0.6923357207754339;
nw=nw=nw=nw=
-0.45280872226786956;0.7028541580020292;1.0437724229000493;-0.07304823582432335;-0.3000443470861727;-0.7139679847842345;0.7699338428106085;-0.7234725585149641;-1.0564732282181128;-1.903727114500544;0.8132939007577371;0.7802221693393299;-0.7530660661930042;0.744289620140889;0.723654904530156;-0.06060865820350394;-0.4318958204870445;-2.02616511122091;1.5708666024006999;-0.5941094567793356;-1.2894387567140886;-0.44059560058295594;-2.1674662486441822;1.8438071373640414;
nw=nw=nw=nw=
-1.0692764797328624;-0.8402115596781184;-0.18050256903172068;-0.6492766670544718;-1.2369701506647963;-1.123836901922919;0.4503074428944942;-1.9912430075428869;-0.34165387312838597;1.7182742777470905;0.8309440101297985;-0.9134780574839247;-1.690676900423181;0.11092081492901945;0.27318897906422357;0.26807204249081523;0.36955968662708866;-0.3464623395782347;0.05651312637614128;1.2070648407857916;1.3414502497027565;0.9802632190809974;0.45982129854915665;-0.7812695849609622;
nw=nw=nw=nw=
0.39190581322423523;-1.2680682297726857;1.0146123202876427;-1.6776469049881242;-0.011657797338225303;2.6687675193272726;0.542309713892421;-0.2452619983712927;-0.3106025891023942;-1.1043887954752456;1.149627513479678;1.734583238228635;0.07212854761863902;0.07336074186554457;0.09967556772368505;0.7481789588048287;-0.7318905157266963;-1.4229734972579078;-1.8995582250956398;-0.45655207059376923;-0.5737742561544087;-0.10590707694269315;-0.381553072166889;-0.8765458618189728;
nw=nw=nw=nw=
-0.5114955037417043;-0.9959308002219711;-0.4101193052792133;-1.5532087183377812;0.7312242498327983;0.8118561402146778;1.106754386643403;0.4412568402201198;-1.225917628810893;0.9473892817104979;0.5876456768058641;-1.7356734958311761;-2.2715550720941464;-1.047470924918113;1.451784411257917;1.1377239555347902;-0.6650732506754083;0.1211423120906974;-0.7049498367790692;0.11286095812939669;-0.4275064742428862;1.2059750839213021;-0.6473627405607917;-1.160470251444025;
nw=nw=nw=nw=

lw-lw-lw-lw-
0.40714372375123287;-0.9421661267210333;1.4938163072122694;1.0088971618579254;0.33020097119551767;-1.6577181628044633;0.282017100957376;-1.7570430326852022;-0.3434276379894383;-0.4187044653238005;0.593326700772061;-2.0204779278892353;-0.43841024870925094;1.3219878089262291;-0.32903487873581583;
nw=nw=nw=nw=
1.6928109706832517;-1.8467383556806038;-0.46355273712775835;-0.716881638254579;1.4184262036206354;0.8532493484754906;0.34765317625366426;0.7159937412177704;0.9119694778634448;-0.17129462566710807;1.224036983177099;-1.0711798876708134;2.205910257838027;-0.9410344236668045;1.2026766685748158;
nw=nw=nw=nw=
-0.7596467176705235;-0.29579574151432514;1.586502774147087;-1.3744890960380447;0.16572804474579675;0.9858508557980866;-1.8323028292146128;-0.7864672613801904;-1.0944965605540407;-0.9894498169807289;-0.7880990732191574;1.7942784131056218;0.5395804994587393;-1.6298004813562283;-0.4374597643286262;
nw=nw=nw=nw=
-1.1444858306416203;1.5369377279805916;-1.7049170599658066;2.002869708271416;-1.614290355133319;-1.5372310385679284;1.1249589889426668;0.1235959395857567;2.08075647265227;0.06905881184894229;-1.1232584975854911;0.24012692797320268;-0.7737975850816654;-0.8212213492286793;-0.5074917215106526;
nw=nw=nw=nw=

lw-lw-lw-lw-

____
[-1.17297598];
nb=nb=nb=nb=
[-1.78080713];
nb=nb=nb=nb=
[-1.5938416];
nb=nb=nb=nb=
[-1.00807076];
nb=nb=nb=nb=
[-0.1674819];
nb=nb=nb=nb=
[0.03357923];
nb=nb=nb=nb=
[-0.80699491];
nb=nb=nb=nb=
[-0.71611781];
nb=nb=nb=nb=
[0.82497341];
nb=nb=nb=nb=
[0.46045531];
nb=nb=nb=nb=
[0.09690576];
nb=nb=nb=nb=
[0.99660378];
nb=nb=nb=nb=
[-0.88301541];
nb=nb=nb=nb=
[0.49371636];
nb=nb=nb=nb=
[-0.38181693];
nb=nb=nb=nb=

lb-lb-lb-lb-
[-1.45243699];
nb=nb=nb=nb=
[-1.31026159];
nb=nb=nb=nb=
[1.85298792];
nb=nb=nb=nb=
[-1.84820925];
nb=nb=nb=nb=

lb-lb-lb-lb-
