-0.8826016337359974;0.15368842268682315;-0.5428327165092288;-0.11884481508425004;-0.7802386898444054;0.2434784901378011;-0.9075371655980884;-0.6886599124738997;0.9191793878033392;-0.9868192661290425;-0.09671214535861239;0.15117115243232848;0.20559700573293438;-0.1567303437971399;-0.39255157301883914;-0.7780418787687031;0.18346789934529406;0.500163262129276;0.18926324950391815;0.10595954556341836;0.32448514674223095;0.7986269306296108;0.6747044669614801;0.8974369484446933;
nw=nw=nw=nw=
-0.69778558577321;-0.5189711570596387;-0.01928918112495026;0.17960948716612246;0.2809853709612933;-0.22933418795712868;0.4749893103626843;0.3030327078332946;0.19712582603396145;-0.08729856761010768;-0.14130307180515178;-0.8611482212917763;0.599850848631301;0.2348144394229006;-0.7142290262562265;0.2421068370189512;-0.9697761889415137;-0.3653174322464434;0.5473334453549008;-0.0659222342507162;-0.1274998078147278;-0.5180334519149017;0.5542711753806258;-0.5426447759966135;
nw=nw=nw=nw=
-0.052429887795629515;-0.34602781268062577;-0.2909867337429448;0.9636770915814974;0.823064603838332;-0.836381619857441;0.5972631151366414;0.5605784630520814;0.6661466999169199;-0.166933077084364;-0.6143757108513537;-0.6073647239480382;0.01846434349222492;0.5447032971560517;0.5103027293848297;0.7052815934638133;-0.1329910265072367;-0.8821314242563638;-0.433128384924824;0.17278858412749254;0.9826722522612068;-0.6977571888668237;-0.5130134668255293;-0.9535238116457361;
nw=nw=nw=nw=
0.7922966058723508;0.9899917555764737;0.6216050026395941;-0.09687079216571948;-0.7428855724853995;-0.8378910114537457;0.8899917537906996;0.9303762386968379;-0.24388527593159193;0.6318524299495654;0.5268200791880566;-0.4659259362305368;0.7103355155616777;-0.5936118736378322;0.3789071201681389;0.7603487403056115;0.5694153873383163;-0.13034401978921872;0.3459426910291383;0.06161315471569573;0.4607862188852181;0.675553242507881;0.5928014521538063;-0.7366585264192964;
nw=nw=nw=nw=
-0.4401309725435891;-0.5956638722808576;0.8615196707128359;-0.0759826328230846;0.22482565008697186;-0.9034689792532;0.5628911722584888;-0.49432108859904056;0.19108984491634962;0.005906512551668186;-0.23527298596563284;0.026965895281794383;0.45858746819307417;-0.7979022830217675;-0.49701339512857357;0.15901641189537696;-0.8952991910106805;0.7718626503221251;0.46880384409248865;-0.4751902962845278;-0.7813672864052017;0.5418461745546992;0.05722699353285532;0.33553718724431625;
nw=nw=nw=nw=
-0.41680127947704904;0.8531928808441351;-0.515159623038089;-0.3138543914920342;0.001095673973735778;-0.8633628587502489;-0.42535873891434073;-0.5519449686545317;-0.5823973363048482;0.29168335575564064;0.8438480427287964;0.9558175061776855;0.31348334866609573;-0.7742864310665993;-0.846242833697211;-0.8395581220860511;-0.10856456523145352;0.868515148785403;-0.65679762098127;0.8224950993655586;0.5568174104369341;-0.37846067171377973;0.752583262106252;-0.3069324229604531;
nw=nw=nw=nw=
-0.05622035635170053;-0.24301623564861696;0.4309526512188775;-0.10451422800705612;-0.7384832993650272;0.5903190665894638;-0.840346201194828;-0.42974859788169995;0.8797434396322343;0.9050660386587224;-0.2813531113711092;-0.26840564185684146;0.5011598836622042;-0.4644304498638858;0.16296278610585202;-0.6921708286557915;-0.003404751312101162;-0.5602356237883126;-0.7774144649044885;-0.1860838658808004;-0.23106431684944995;0.7700681462089165;0.8482258506497244;0.8416978421298524;
nw=nw=nw=nw=
0.7998812462360589;0.7249592951558905;-0.6412215618151467;-0.14846127197795678;-0.7022135358238288;-0.08731551577799657;0.48971342664659945;0.6572161816475406;0.9440781872525414;0.5057297440340469;-0.6727962899181703;-0.33704244633125646;-0.6493581622987854;-0.012356599340058283;-0.3820246516718393;-0.8479303996425218;0.06167265610533357;-0.09597735333694235;-0.8488378358215607;0.733104590645681;0.5182440613966741;0.2836978142813893;0.48273615178542495;-0.13283607296594013;
nw=nw=nw=nw=
-0.6283830390531908;0.06558298830241704;-0.47589118492621374;0.1475605939669664;0.6413923812470623;-0.4877815975972135;-0.6477937249776413;-0.9514843738850634;-0.8176520496661486;-0.5415445848038598;-0.27066913870257614;0.4179509745091976;0.6746803925679168;-0.5269769369244353;0.28204988656186414;0.5268366992842315;-0.4179982496284169;-0.47264819918403145;0.8205760256509822;0.6937110025092588;-0.004012909026887446;-0.022929503780481753;-0.09657523517229327;-0.06592112223370372;
nw=nw=nw=nw=
0.9115071938803685;0.23123098942935938;0.8169903919052874;0.33093143347730103;0.24864305833140476;0.648284197612446;0.045086808772549336;0.8714510042819805;-0.7802333563905417;-0.22953703425126526;0.6710002758502007;0.5979679849653381;0.12048781488931626;0.492727121278669;-0.42266021845259494;0.1170496027302752;0.41943630828733247;-0.8040602586071379;0.2797745045804303;0.6586792453150421;-0.5364717939526404;-0.8207548436032877;0.07296751401339252;-0.3025819477958469;
nw=nw=nw=nw=
0.4401857718173108;-0.9582638394068752;-0.4994584831253366;0.8932141170785484;0.8942124026009082;-0.774852905013784;0.8769302800381866;-0.8876836331814815;0.4378797684708;-0.8690070866497444;0.8800367712062955;-0.7514891314558341;-0.23162845066448678;-0.290718891356081;-0.3798707596279094;-0.015955573691579072;0.8383855949416432;0.4614033496420893;0.8232543809384492;0.8956069303668108;0.4756311759472416;-0.025832954465705882;0.3670408535583025;0.06359216903111387;
nw=nw=nw=nw=
-0.6541849657576262;-0.0857110742396674;-0.1407850578161307;0.936041542182503;-0.2909804807636489;-0.7340672528856571;0.8938019493217317;0.6572204098417254;0.789967256036745;-0.614447061158401;-0.12399256212895282;0.6710894630438637;0.13694978869621144;-0.6887535736368369;0.866803122110112;0.02435795698576726;0.5812124363014526;-0.9494603907293562;0.4783269069066136;-0.5252728397778677;-0.15193599561197146;0.2347474505859306;-0.10830747079657033;0.5291777188921747;
nw=nw=nw=nw=
-0.9757436650716336;0.6322099552698308;0.4164221898894904;-0.2602832372788437;0.7987146450382545;0.31551693875135434;0.00747951867984642;0.7798099012541322;0.48182082310331786;0.062421507908499096;0.1809057908450269;-0.6233056594077404;-0.9459741251561349;-0.27725369728787386;0.4190213743023221;-0.02499021937130519;-0.11084927080801177;0.2322439120422033;0.5634785580662225;-0.046947888334949894;0.008568392992168938;-0.42576596391875454;-0.6734711115837331;-0.7113474806677902;
nw=nw=nw=nw=
-0.15063970646996916;-0.24532685228436613;-0.7185531895657025;-0.94379165887408;0.1534238359689959;0.6341076606004508;-0.7479757238165965;0.979638276727969;-0.909640163202623;0.4604296554358631;0.45444003652416676;-0.7010713424934025;0.9834227565231628;0.39577385814984867;-0.027381130962925937;-0.4367990538020179;0.8615557336286863;-0.5134288829070492;-0.4457824684413074;0.3255846487361562;-0.36180986774762824;-0.1352362257435531;-0.008198283582582455;-0.6108524338487118;
nw=nw=nw=nw=
0.5301983190915636;-0.5214059219740832;0.8280854421908419;0.6778678688543833;0.29728213202109854;0.07126467787250212;-0.8712277625030327;-0.21367163743787376;-0.2233550948933487;-0.8999339949785579;0.0415059322373712;0.8161206078482734;0.9980223496181158;-0.5482375812343805;-0.7455935429713691;0.8322942583204065;0.1047660969388502;-0.7541907629592379;-0.031303234506165234;-0.5936198844981719;0.18061938259202615;-0.1311753386643899;0.9126102272433765;0.6874081309674716;
nw=nw=nw=nw=

lw-lw-lw-lw-
-0.6413021935895806;0.1538551612172292;0.4057402113480575;0.630393667590367;-0.5720341983589599;-0.5834136513308343;0.4343485259810098;-0.4334893485843683;0.416199022671629;-0.12342208949653966;0.17586519225059183;-0.4837700904447477;-0.9334611637589658;0.8135772772872643;-0.813676740743231;
nw=nw=nw=nw=
-0.3852742421839028;-0.48767494298245473;0.5363515457803949;0.33219467215955256;-0.9123871341848215;0.6072174195356732;-0.8053357911099286;0.893224721265008;0.9776008250436004;-0.6780011937413681;0.5105351179758424;0.10913798502645866;0.6555101941881214;0.5924425619814855;0.184744234479167;
nw=nw=nw=nw=
-0.26958592306429985;-0.036966020694058965;0.24380503626649963;0.19008120354989555;0.22387248389051528;0.27853848661738945;-0.8280020761177678;-0.9987472919034124;0.34669708145839984;-0.4820342206104238;-0.0788991667768657;-0.4015376200854186;0.8334591865226173;-0.8982371518062324;0.6328653404829816;
nw=nw=nw=nw=
0.03187672415996645;-0.08043403669684035;0.8306211011250699;-0.28786986266540504;0.6572440325470625;-0.37748774026089515;0.17152712126884628;-0.09339475416295762;-0.9985123941118441;-0.9707588025717191;0.06293606851754707;0.9640111970548291;0.3341340748467714;-0.9779240783117025;0.5648787650873472;
nw=nw=nw=nw=

lw-lw-lw-lw-

____
-0.009353352452635244;
nb=nb=nb=nb=
0.6492225259239732;
nb=nb=nb=nb=
0.2385872453489568;
nb=nb=nb=nb=
-0.954172307948739;
nb=nb=nb=nb=
-0.07710584345459348;
nb=nb=nb=nb=
0.47074835078711397;
nb=nb=nb=nb=
-0.7768034757250684;
nb=nb=nb=nb=
-0.7364522610064186;
nb=nb=nb=nb=
-0.4173798640757942;
nb=nb=nb=nb=
-0.8130558285196101;
nb=nb=nb=nb=
0.40079873247726994;
nb=nb=nb=nb=
0.44844957544816966;
nb=nb=nb=nb=
0.9997103082000338;
nb=nb=nb=nb=
-0.2669443942710996;
nb=nb=nb=nb=
-0.47417647534032414;
nb=nb=nb=nb=

lb-lb-lb-lb-
-0.8028969366820422;
nb=nb=nb=nb=
-0.6797045505687773;
nb=nb=nb=nb=
-0.0006233618360207416;
nb=nb=nb=nb=
-0.7380688348373701;
nb=nb=nb=nb=

lb-lb-lb-lb-
