0.4294862049367041;0.818510199565764;0.7284877397081717;-0.772680992919214;-0.8714583569214138;0.8062643950070452;0.5265335843947863;0.5655310655281138;-0.993450064388433;0.07948382959580158;-0.9356949215554347;0.924468059082604;-0.8698756730490806;-0.7257311110905664;-0.2197969472687924;-0.554214545005757;0.6231724568532633;0.07231194080223746;0.631168300072517;0.47713101604845476;0.9205995313096949;-0.3169000941503688;0.5739338925235022;0.5308147095289248;
nw=nw=nw=nw=
-0.31117734916228;0.6503039680046565;0.40636021568075353;-0.8394011377303969;0.7566320104234747;-0.6870590240096093;-0.5969400568546688;-0.9129269287724164;-0.18447234703613824;-0.32506311261271637;0.08186335250531585;0.18646692490298156;0.0453760989610561;0.7104719689710588;-0.11651682686264175;-0.2794839052285456;-0.567579345519905;0.7091872780511412;0.224375872379303;-0.43948445265029745;-0.0870672303398532;-0.42277169094931755;0.03308541780899432;0.5743097865198536;
nw=nw=nw=nw=
-0.9725297173569021;-0.813393977857918;0.8173380480751498;0.6938318664899092;0.6413988471265948;0.44849760942884;-0.29618849300747585;-0.9271948273881727;0.4786294535610909;-0.10475678609948869;0.4210806780777214;-0.5212160752872295;-0.7910063836760306;-0.24787584182297095;-0.13741736839378138;0.658193375061557;0.7615606802252572;-0.42286764938389654;0.23682595024622177;0.019150037509851003;-0.052608587026274245;-0.5637288591869827;-0.28075478525180486;0.015551034889451865;
nw=nw=nw=nw=
0.7061734984935661;0.25928399990479867;0.5362507440051314;-0.03630106767443442;0.6312165164289298;-0.6447236032180015;0.20542888421669847;0.3518814567115336;0.4430568986729544;0.8010965788353861;-0.9074886175660253;0.27934934179375515;-0.42085240576305405;0.46493978670724156;-0.2570376398889791;-0.8226869432371355;-0.2786250805808699;-0.6164549071914187;0.04229450283070446;0.3457036829138169;0.8746628108621646;-0.8780677454941936;-0.3753650145960272;-0.7970127506802249;
nw=nw=nw=nw=
0.3771952604771678;-0.09862320374473765;0.0002473702765886099;0.26075926819267004;0.2813781601050167;-0.411659766604936;0.5909963177835125;0.8831822464277559;-0.8092759584625409;0.6100582971792317;-0.3195413768445885;0.3553340162216905;0.2802793903876155;-0.28907313019421976;-0.7216890125392454;-0.53599632916957;0.931063038033269;0.8507629922449431;0.5638280334440471;0.6077507136369111;0.8871910225293234;0.7092612888440393;-0.8116717010459078;-0.04818029829790382;
nw=nw=nw=nw=
0.7851289979587013;-0.017000382594050345;0.08671798542509723;0.026423395073552847;-0.761323273869905;-0.8106207964230223;0.5277708879180709;-0.5202710969118731;0.35703672165091316;0.5383979402492285;0.9631475891058985;-0.8326595969643733;0.4375825301380092;0.03479605308466893;0.2724567770384019;-0.9054894471079689;0.235606339055755;0.5450501651957667;-0.6110899328521526;0.9287436578098303;0.11864166761710337;-0.7218164000997591;0.13728355467666709;-0.7960709846710419;
nw=nw=nw=nw=
0.6981920077040138;0.977938575002105;-0.7840209707871595;-0.5100767037167688;-0.5344296936159756;-0.32588653002708945;-0.5954008218208013;-0.9601590780336595;-0.45852876100013074;0.9658736149520508;-0.6612204536328936;-0.27762440534460553;-0.8873180971048777;0.9559309720041012;0.31669804539008295;0.9465441534047261;-0.6918972593521744;-0.6083232578107518;0.9226656597377096;-0.7414265846442782;0.38758073772023205;0.06865207248134242;0.5750731765265766;-0.7072968203600545;
nw=nw=nw=nw=
0.0729739146405346;-0.5835390206088864;0.6118278702771813;-0.4933813576454762;-0.2307654130070691;0.21005323834667644;-0.29367163260874696;-0.8904167629259352;0.6111301099225304;-0.6793239006596565;-0.06737194587859974;-0.39015935563607074;-0.8009849627800723;-0.09804120389832649;-0.7952154310334896;-0.9312612842960348;-0.7616726686962942;0.4892252356008646;0.9330678513965396;-0.7211092445829344;0.2357152857172009;-0.6839380200019611;0.28365270722556035;-0.3740442387589853;
nw=nw=nw=nw=
0.7382942479133423;-0.8105788186171701;-0.23111480856485578;0.9965938861606649;-0.4165670410974889;0.5807863050655766;0.9727799078458361;-0.2513457996773023;0.4169259854904195;-0.10110870926578719;-0.5114531071994921;0.9109539262385364;0.7250760431302101;0.8778886945870807;-0.6588257973701146;-0.8505758852619234;-0.9324188851989026;0.5900794756125041;-0.7541713454248724;0.4364610260896227;0.9684205621727782;-0.5041395085892963;-0.8459891558093922;0.8058907967927589;
nw=nw=nw=nw=
0.10373557349440365;0.5298415595270838;0.007426294911466957;-0.9995472754855717;-0.44381254982083185;0.04932881781720022;0.7954021031791327;0.4066036935349504;0.004991709318241;-0.7267491838235804;-0.3399747751074591;-0.06228840595813345;0.6863608309780329;-0.34164968232776305;-0.36586081426262207;-0.8847247103575542;0.1560350969012454;-0.8271453612943962;0.12218069779699325;-0.24629471175859718;0.7935263769549961;0.9116382531133909;-0.4229081667891397;-0.8889026143709287;
nw=nw=nw=nw=
0.4297435863859844;-0.3702409323257656;-0.4490251224210853;0.24023263293397434;-0.8011819588343558;0.3765107844287483;-0.9264825665069305;0.7390025540862664;-0.4707636067249086;-0.5267227083574424;-0.18776285546813742;0.7706517125551793;-0.30997053703950916;0.819266652078372;0.5615849925002481;0.38269757304578667;0.5717665095736932;0.4678159608002461;0.9449905226893165;-0.4201495061104059;0.5159593295752587;0.956579883356149;-0.016821824875811853;-0.0386918563659715;
nw=nw=nw=nw=
0.510928905013083;0.508861352385358;0.7100792923922201;-0.23406744965780035;0.7515151649682403;0.8921727932679624;-0.7411926396459878;-0.7025811110369198;-0.18120739750030723;0.7035584036937721;0.7092536111989212;0.9467381714380534;-0.9924901721463524;0.2550446180754089;0.7906383091026279;-0.7002593358278493;-0.09137829940867204;0.552981817373051;0.7016825092692027;-0.06454797221868658;0.1374197459388926;0.700724724560337;-0.8824418547446966;-0.4337401920972206;
nw=nw=nw=nw=
0.05026552691596087;-0.9023509994963761;0.956013028034906;0.7731428224692143;-0.4727551028247714;0.2256395249235732;0.5157478296511999;-0.2814969117529791;0.06864272576578845;0.40859120757667755;-0.03586621536989565;-0.4664123028706353;-0.640400958235325;0.4439658263921771;-0.7334341878190669;0.08785194721858924;-0.2812516367729909;-0.6631749433627301;-0.20418839887838258;-0.9525803274385491;0.5875592545155575;0.9781725436726121;-0.5806953274359883;-0.249941730801726;
nw=nw=nw=nw=
-0.9055795413760699;-0.49545966905873984;-0.38769858626106957;-0.367224320260501;0.6929853477344916;0.8306465790372086;-0.0753906208577848;-0.9975884347126525;0.46728831209824784;0.0659132894461556;0.7551789774089521;0.7856257246457363;-0.15235246232998723;-0.9395466175625997;0.9676165316994549;-0.49187428963313606;-0.5137986527201412;0.39289918785598066;-0.39942589487613955;0.5876676499869609;-0.0863562811582661;-0.49858638785207066;-0.976500477947464;-0.42660498722678897;
nw=nw=nw=nw=
-0.789129664889227;0.12379850670722914;0.6349760502012249;0.11983758131165012;0.5676097933106654;0.4447507525780794;0.18542204574756926;0.1569557976834255;-0.4573208631243939;-0.8833450659579336;-0.5235742385246298;-0.7564915618945358;-0.20429233547758718;-0.9802167399343769;-0.46297399169278597;-0.39652698363093775;-0.19346467077110185;0.6139523812763112;0.4624587876883943;0.5591189272470241;-0.39198031947243517;0.0827525339079882;0.7893896795467812;-0.09190836284828285;
nw=nw=nw=nw=

lw-lw-lw-lw-
-0.4937634895704375;-0.7964166823436258;0.5110893056662162;-0.8682688090844675;0.9210004655011144;0.07654335854763716;-0.1334335067761674;-0.7264216098563292;-0.8000929367960192;-0.8434955557224513;0.9290433658488422;-0.4730901897409727;-0.3855452937683006;0.6064232975130912;0.9557025835058204;
nw=nw=nw=nw=
0.6490018537658921;0.8399379633749462;0.3209434332923713;0.05805041914073783;0.07388336978262133;0.04610919400377922;-0.4926381574555996;0.8724678646484754;-0.9362519979007258;-0.9552354387010435;0.5432947516671749;0.10765186207687893;-0.3225379829475241;0.3271007573400804;-0.04019890307100282;
nw=nw=nw=nw=
0.027953789034848686;0.3595347056477274;0.6587106051561105;0.7701211046432483;-0.1559019351777795;-0.17655211160748396;0.9949522123154548;-0.5772412244215941;-0.7543914407467067;0.1959954872394425;-0.15961317688900922;0.09791630466497225;-0.7702052661534493;0.714880812636906;-0.8220055338081169;
nw=nw=nw=nw=
0.1080030206863758;-0.5926424647260258;0.7545422754944546;-0.7158866191112112;-0.011995245303729085;-0.4479647491764074;-0.5978755332704855;0.9023078560886564;0.6665260134288891;-0.2815850611688331;-0.7672924150038865;0.40279707421093014;0.2806566613279895;-0.013318048423454742;-0.8359559460497259;
nw=nw=nw=nw=

lw-lw-lw-lw-

____
0.07960442693976444;
nb=nb=nb=nb=
-0.3488074582778571;
nb=nb=nb=nb=
-0.4797236192489571;
nb=nb=nb=nb=
0.25723670354385475;
nb=nb=nb=nb=
-0.8408803335951553;
nb=nb=nb=nb=
-0.0659115333910345;
nb=nb=nb=nb=
0.7510674571969636;
nb=nb=nb=nb=
-0.9772726819623023;
nb=nb=nb=nb=
-0.2800622347088493;
nb=nb=nb=nb=
0.34711750910369554;
nb=nb=nb=nb=
-0.20629438115173548;
nb=nb=nb=nb=
-0.5899392400915453;
nb=nb=nb=nb=
0.4792876767874803;
nb=nb=nb=nb=
0.04556083890668661;
nb=nb=nb=nb=
-0.28869004198425663;
nb=nb=nb=nb=

lb-lb-lb-lb-
0.5759842518555096;
nb=nb=nb=nb=
0.6389410624519907;
nb=nb=nb=nb=
0.3745799713457061;
nb=nb=nb=nb=
0.5321720876706659;
nb=nb=nb=nb=

lb-lb-lb-lb-
