0.30309286601695673;0.6742328018520647;-0.3461489531556097;-0.8425590230762916;-0.24339621779296028;-0.5541235518522947;-0.5167453366495827;0.13082966629804238;-0.8612251727039273;0.7873348688604203;0.9323922457308875;0.5045248015096417;-0.9855446563902988;-0.33634752016334946;0.2635114650363366;-0.04204316556154053;-0.9240335639413833;-0.5190009411306944;0.19862922488040846;-0.9783749740354215;-0.3348179936205924;-0.703958412595769;-0.623505324934629;0.4848188451981166;
nw=nw=nw=nw=
-0.8559016836446196;-0.2927352336549689;0.02587701706980905;0.5342448973719345;-0.041983870788615096;-0.506966760096307;0.4821908388375473;0.15647972016956446;0.8668779229169137;-0.3171177956170834;0.06109645274393616;0.43137265013592696;0.7140287805488608;-0.850849541268097;-0.22782950443293615;-0.5513223090792492;0.6368758409748314;0.24203915979680946;-0.3443451324237623;-0.6622039328009834;0.6360051344838182;0.43223938309878585;-0.9482684556657242;0.1825049966582195;
nw=nw=nw=nw=
-0.9725297173569021;-0.813393977857918;0.8173380480751498;0.6938318664899092;0.6413988471265948;0.44849760942884;-0.29618849300747585;-0.9271948273881727;0.4786294535610909;-0.10475678609948869;0.4210806780777214;-0.5212160752872295;-0.7910063836760306;-0.24787584182297095;-0.13741736839378138;0.658193375061557;0.7615606802252572;-0.42286764938389654;0.23682595024622177;0.019150037509851003;-0.052608587026274245;-0.5637288591869827;-0.28075478525180486;0.015551034889451865;
nw=nw=nw=nw=
0.7061734984935661;0.25928399990479867;0.5362507440051314;-0.03630106767443442;0.6312165164289298;-0.6447236032180015;0.20542888421669847;0.3518814567115336;0.4430568986729544;0.8010965788353861;-0.9074886175660253;0.27934934179375515;-0.42085240576305405;0.46493978670724156;-0.2570376398889791;-0.8226869432371355;-0.2786250805808699;-0.6164549071914187;0.04229450283070446;0.3457036829138169;0.8746628108621646;-0.8780677454941936;-0.3753650145960272;-0.7970127506802249;
nw=nw=nw=nw=
0.3771952604771678;-0.09862320374473765;0.0002473702765886099;0.26075926819267004;0.2813781601050167;-0.16348830438553108;0.7059283978735391;-0.49623551483595074;0.824767335811802;0.3891662418317339;-0.15559997795027636;0.8900046094894001;-0.35238520596203804;0.8744624548060775;0.7112499010246363;0.7103923975669446;-0.27084689848870735;-0.24726166093281998;0.8117604278071324;-0.25090153055944175;0.7200720709156045;0.09721910001306844;0.2668600846123532;0.1174656022028715;
nw=nw=nw=nw=
-0.31239368900769393;0.16071348280490638;-0.25521773739052955;-0.20824724891741897;-0.6096810524879075;0.6491769908808747;0.7051727003271455;0.5896767862420147;-0.43031972221663906;0.36416992306692286;-0.5626077449134759;-0.45426808293876153;-0.7761957261041776;-0.8158584429530396;0.3052094565535932;0.40993175187754227;0.5176971719171017;-0.9901613550303765;-0.5898094558656011;0.042502669711762975;0.7989360333867173;0.29678402697237494;0.15100435474836882;0.33939447875602613;
nw=nw=nw=nw=
0.5163875425584237;-0.8867739339574807;-0.2003694365232327;-0.7017156402492515;-0.6349618298465285;0.3810864360068833;0.5267429218959558;0.9787251335211289;0.4776355245669557;-0.7898436668858888;-0.04232523673997246;0.5413594230482006;-0.8217416827902162;0.04079235510058221;0.8650652406612773;-0.4410240616859513;0.625989873674385;0.90555607114711;-0.6568731418661917;-0.05301170488072682;0.21221142784544833;0.2780000378093437;-0.33285618621898494;-0.9461773245988034;
nw=nw=nw=nw=
-0.7419065082622185;-0.18025739274360952;0.42594266068935926;-0.9452998934292367;-0.763639446773795;0.8693017565580505;-0.2955921774442418;-0.4703873480621099;-0.33705072658576074;-0.4012779701544442;0.38841263485480826;-0.6960545596723666;-0.41804598150129957;-0.8163937941921682;-0.2506934261740228;0.40768383264747876;-0.9917533817077344;0.32444256674304195;-0.7268360781386434;0.7196482424008062;-0.49421141263906954;-0.6017431957745776;0.20229906915264628;0.5087802028477448;
nw=nw=nw=nw=
-0.7789996841008437;0.25002852517918206;-0.23566899561327292;-0.4468763037693313;0.898275749184186;-0.867973859797232;-0.7873651296259763;-0.5599461847855749;0.34670241228786347;-0.5622084778800922;-0.2527088651667324;0.04389686688534411;-0.4177540513504323;0.6023596528007917;0.03509227061400866;-0.6366252343621852;0.8339543576144994;0.7020682908928981;-0.7980022852744568;0.6774577718659731;-0.2824844741819619;0.6350732695130574;-0.48111264078331284;0.30494095529689824;
nw=nw=nw=nw=
0.7772852181744649;-0.9612285448681197;-0.5604278046313613;-0.21177070945962773;-0.29537392079284563;0.7605090403377512;0.07915987571127303;0.3317118624642559;0.6068923957160253;-0.7158960276759434;-0.10874457984113328;-0.46630824308464147;0.798852714681155;-0.15971308503311543;-0.00928419782175438;0.10006597394959149;0.22998182473720385;-0.5038087838219008;0.4688129283812579;-0.44950707710705906;0.025366169901062996;-0.869691048990427;-0.6514765976794554;-0.9065033994968779;
nw=nw=nw=nw=
0.7894436248083381;-0.008072566562320693;0.5868483153713271;0.26292736169204267;-0.07736486967437117;-0.4418173845580049;0.4448092765701881;0.4955266501912565;0.33054424642578906;-0.12387064521036906;-0.7948867708516083;-0.9586800727886882;0.8993526229437057;0.763146142157153;0.1712177087749147;-0.817541974113648;0.9895567201466628;-0.7307210971849707;0.9501289784125846;-0.9285132223069799;-0.8545962346305065;-0.2940433531833275;0.8409457145464394;0.7893506170429756;
nw=nw=nw=nw=
0.5046312213628124;-0.6805671111246883;0.7621902970291337;-0.7090937952270469;-0.9696091909540843;-0.7835590956164507;0.14802147740148652;-0.14906482430135548;-0.9210245626177638;-0.8676438376018396;0.0869499458415115;0.28970240896464317;0.7093968340578751;-0.122325591735162;0.9944080739281078;-0.49728318774779723;-0.6583574692315581;0.48544754795704637;-0.43912231445394534;-0.44755307572579883;-0.9197671727214793;0.700724724560337;-0.05174594030078872;0.9163056879732834;
nw=nw=nw=nw=
-0.2966848528731614;-0.23970108630078224;-0.20907271964410978;0.03256045647788319;-0.5347384489827038;-0.7953139058642669;0.5157478296511999;-0.2814969117529791;0.06864272576578845;0.40859120757667755;-0.03586621536989565;-0.4664123028706353;-0.4520173572218864;-0.835380782167757;-0.5783742353379175;0.5743714770546904;0.9566813047762708;0.982078889771274;0.3831115063411934;-0.1084855539042957;0.31325383337584545;-0.18771923045046646;-0.6463658168523325;0.06617972931352822;
nw=nw=nw=nw=
0.9034467927468897;0.6549271917242534;-0.7891237807182012;0.4501686550810695;-0.247715343379447;-0.9722879427823357;0.06713029837164619;0.36763578317440837;-0.42356245309253726;-0.2042807655265213;0.3519822428905415;-0.5323332528309865;-0.3835228094596863;-0.4566546615497231;-0.17692819334526;-0.5179832710024901;0.7109549569535158;-0.9188765875559894;-0.012026269356547381;-0.16069899754074468;-0.9300156770777466;-0.8463244310184055;0.7135248518420496;-0.4769311465290176;
nw=nw=nw=nw=
0.24354453788785335;-0.040895534097557196;0.7832899971618312;0.7037288473920316;0.07208472193602522;-0.1579316272553526;-0.5401419190170837;0.3948917986537037;0.2348957620853791;0.7805428202205527;-0.5903000034682826;0.8737043776731601;0.9102534893221821;-0.6199587736329986;-0.6043424224047493;0.7693331041796319;0.8651307968892614;-0.154457453624131;0.20327067754057904;0.45503760129318604;-0.03696658502693473;0.0827525339079882;0.4350976548687886;0.07194819939622654;
nw=nw=nw=nw=

lw-lw-lw-lw-
-0.20618196175902614;-0.7964166823436258;0.5110893056662162;-0.8682688090844675;0.9210004655011144;-0.8731399350663152;-0.9586946758427506;-0.6040118708749924;0.13503605833429466;-0.02769569976062125;0.38563577767447677;-0.44358271662992865;-0.7661433265482802;0.6064232975130912;0.9557025835058204;
nw=nw=nw=nw=
0.6709310577053875;-0.6646005410244167;0.8476540434435367;-0.97716389517796;0.884907671442484;0.9756850557004084;-0.6043388141566528;-0.29433679091889897;-0.8115608580213187;-0.08883254838469257;-0.38978487507910975;0.31142670053862553;0.3244330415430663;-0.31338928231080243;-0.34428829144759376;
nw=nw=nw=nw=
0.027953789034848686;-0.5279106482381677;0.044251320779004066;0.9464288102517129;-0.929326008203418;0.16561283407969074;0.4833834181112282;0.18202693849885243;0.5971700462133704;0.10202351604711057;-0.38098026798564777;0.8791849501488911;0.6587921167146547;0.020494489195291177;-0.08336274722763304;
nw=nw=nw=nw=
-0.9041988636110214;-0.03277866688942721;0.42697169313836714;-0.8427031605637569;-0.030445446627666017;0.1918934599138491;-0.09471126980447342;-0.5449773634791348;-0.0733966784376352;-0.38926802402217686;-0.8730377279139936;-0.3605920550658206;-0.1925789043600119;0.08995633627695976;0.1062227466526755;
nw=nw=nw=nw=

lw-lw-lw-lw-

____
0.11371837986460687;
nb=nb=nb=nb=
0.2967530431029748;
nb=nb=nb=nb=
-0.8651886562992162;
nb=nb=nb=nb=
0.25723670354385475;
nb=nb=nb=nb=
0.6944970828855035;
nb=nb=nb=nb=
0.029184079938163965;
nb=nb=nb=nb=
-0.23576071837943147;
nb=nb=nb=nb=
0.9967868626090559;
nb=nb=nb=nb=
0.7435163613454363;
nb=nb=nb=nb=
0.2914531170743411;
nb=nb=nb=nb=
0.6480767025449512;
nb=nb=nb=nb=
-0.8909046062148303;
nb=nb=nb=nb=
0.6193348205547144;
nb=nb=nb=nb=
-0.982257154710005;
nb=nb=nb=nb=
0.1938136565676971;
nb=nb=nb=nb=

lb-lb-lb-lb-
0.879698218573848;
nb=nb=nb=nb=
0.7834722270722976;
nb=nb=nb=nb=
-0.2363896237934484;
nb=nb=nb=nb=
0.02271647129424159;
nb=nb=nb=nb=

lb-lb-lb-lb-
