-2.341520195657825;0.6968175957001255;1.0512596106116259;-0.7549393161880922;0.787951691452953;-0.004759296461932591;0.3279666380301791;-0.4264495830869621;-0.3130730179789653;-0.6016348600635838;0.5102893731411094;-1.7113830625640767;0.8530668416168369;1.8567641763722997;0.8035542894691882;-0.9029735664797759;-0.3362034545672016;-0.10352236703335177;0.04143575061313265;-0.17069731574131025;0.5997534946641064;-0.325626996648719;-1.595000558196163;-1.3085946407148463;
nw=nw=nw=nw=
-0.14651365912598754;1.1840357894696012;0.8086750017953305;2.5270888721945073;-0.6220783328717028;-0.7992645653004147;-2.040664000875857;1.0152309414067784;0.9445287837771806;1.7405029673951347;0.4897966734428475;1.5713572720937834;-0.9546545914676907;-1.3900428759906207;-0.2915994389448102;0.06073171038800086;1.0020216045256662;-0.011812014060028618;0.8971807367672828;0.300201325664267;-0.8175614675156179;-1.5117595013461262;-0.22001855680078913;-0.290066553376362;
nw=nw=nw=nw=
-1.022078583176444;-0.0394032702646655;1.065565436446341;-0.6332300929599375;-1.250863324605971;0.5925699349594319;-2.5695910511498483;-0.2956539235560935;1.2013778174431697;0.9592547533850183;0.3568621821760089;-0.37971312190638384;1.5293030094507376;0.3936867303484233;-0.00839544988123442;-1.321515383013298;-2.1931420891686244;-0.38451851497312106;1.605423414685581;0.8106866762243484;0.3416558377368413;-0.9005018030681338;0.19855803977091158;-1.2294215211028205;
nw=nw=nw=nw=
-2.002592221867301;2.53426958783046;0.29205176102566544;1.9288195661040635;0.6870961741114171;0.6244040749283024;1.9040711960292527;-1.328715712438063;-0.481196578687162;0.04993754838270596;0.09291404589842797;1.5780547345893654;0.2485166492613392;-2.648157385162217;-0.6478311786074002;-0.14271580340001236;0.6630480065933423;-0.32034413175428555;-0.4792462056726461;-0.5602194227927535;0.8605568907265199;0.39042582378911495;0.24034348435267797;-0.435457492234587;
nw=nw=nw=nw=
-0.5436970616652533;-0.3185328793751074;0.7572060596643525;-0.6975131895880896;-1.8112428304388648;0.292745037375805;1.0857143318050293;1.7910619244958645;-0.6134525615007184;-0.4317613134313432;-0.7082471419763673;-0.14108922317115996;1.0524177164856328;-0.6154405496027191;-0.6107733013115094;-1.0226987221621802;1.1104191920566036;-1.8136874209010814;0.06223861893598757;0.5695947893427131;0.5635592184086233;-0.29768609189446765;-0.4844131333323251;0.6134778452181614;
nw=nw=nw=nw=
1.4332683589360344;0.5953750254383108;-0.4031101539317821;-0.16689669436434454;0.0995463501804234;1.1981125807433255;0.7522574060224533;-0.03809779884219007;0.4647566408974336;0.5954910570164984;1.4572344578430731;-1.2920358475613334;-0.27135833905918927;-0.44204954019786885;1.3306929928806595;1.312854723980693;2.0378647641758603;0.11401615542060053;0.012758655484105043;-0.9875697976981873;-0.20057024357127246;0.8218395395551609;1.8967571668993894;0.42686045495450453;
nw=nw=nw=nw=
0.21974546828883967;-0.5495481878559494;1.3164213338486563;1.5566208805681354;-1.7225755076134261;-0.06935063596048972;0.3312192569192351;-0.38073553532093707;-0.015432399807104383;0.8989185957287309;-0.08056432705838482;1.5465381436352867;0.6747825784642808;0.8040800658290735;-1.1547434786457673;0.46870635475417016;0.11305458060483681;0.5423173509793283;-0.21959207504199804;-1.748492303687243;0.18016183490386264;1.6974132813424596;-0.39671134400651586;-0.25914521677362545;
nw=nw=nw=nw=
0.6198272389924289;1.088652212368598;-1.356648355252956;-0.01677881896470477;-1.1440313545255958;-0.6316827938313025;0.2758607761189958;-0.6295570039042945;-0.9733393734276016;-0.23072016447273513;-0.29308309430834406;-1.0269519460956817;0.8103308093518127;-0.8884546663850691;0.32315169061214966;-0.7885751576594187;0.4365565952801109;1.1166238890977886;-0.6992186379500757;-0.5594568645830577;-0.21589935372463248;0.03456320041187831;1.5018647164821988;1.1685935182732892;
nw=nw=nw=nw=
1.404802784654544;-0.4191471573635869;0.41934499813567494;0.5695609069325738;2.2441301481914535;1.5978111463828237;0.03151302812824521;0.488435147004062;-2.4840508485739763;-0.7308302996562992;-1.0751947233223882;-0.6782363925186311;-1.0214073628470752;0.007789004298879719;0.43463431705121447;-0.8148078359407247;-0.7165046490142742;-1.0787520044496999;-2.1833823749751433;-0.19141264171188765;1.0626276955431726;0.06500485185597106;0.04380548437982253;0.0743881393125405;
nw=nw=nw=nw=
0.5635278441703472;-1.2134411081389476;0.05331301542753815;0.335885231967933;-0.3067116698101617;-2.070779900777585;-0.5592606198361282;-0.2829392703159798;-2.8076011218417896;-0.09544421851071955;0.5075677425548755;0.3443741154518892;-0.41487141907805997;0.28355631060057906;0.12340612418478687;-1.5012474835374767;1.3886798202608448;0.5771070567802883;-0.3770307826439431;-0.19271042743264044;0.09042212564996549;0.012890444215994208;1.0797307978215298;0.1952995179953627;
nw=nw=nw=nw=
1.0342087152543005;-1.415401022912624;-0.36991249095579876;1.329944525955688;-0.05023138574841129;-1.165685014193434;0.6629283331475792;0.73853570989269;0.500189978920948;2.160619879721673;-1.7999563552468698;0.5910369659380603;0.10057849538687069;0.17766208756376647;-0.9098168362283843;-0.22681868582771164;1.5077253275736628;-2.0266405921824795;-1.1265741308594956;-1.0357793540196323;1.8792587829604823;1.2698879174518918;2.156512389234053;0.7999762322458096;
nw=nw=nw=nw=
-1.1334725966540595;1.2494310968715372;1.0437724229000493;-0.07304823582432335;-0.3000443470861727;-0.7139679847842345;-0.727530859242393;-0.4510137131891805;-0.48809293730702596;-1.903727114500544;0.8132939007577371;0.7802221693393299;-0.7530660661930042;0.744289620140889;0.723654904530156;-0.06060865820350394;-0.4318958204870445;-2.02616511122091;1.5708666024006999;-0.5941094567793356;-1.2894387567140886;-0.44059560058295594;-2.1674662486441822;1.8438071373640414;
nw=nw=nw=nw=
-1.0692764797328624;-0.8402115596781184;-0.18050256903172068;-0.6492766670544718;-1.2369701506647963;-1.123836901922919;0.4503074428944942;-1.9912430075428869;-0.34165387312838597;1.7182742777470905;0.8309440101297985;-0.9134780574839247;-1.690676900423181;0.11092081492901945;0.27318897906422357;0.26807204249081523;0.36955968662708866;-0.1969337874929952;0.05651312637614128;1.2070648407857916;1.3414502497027565;0.9802632190809974;0.45982129854915665;-0.5317357864627219;
nw=nw=nw=nw=
0.39190581322423523;-1.2680682297726857;1.0146123202876427;-1.6776469049881242;-0.011657797338225303;2.6687675193272726;0.542309713892421;-0.2452619983712927;-0.4779474573608808;-1.1043887954752456;1.7789830819396135;1.734583238228635;0.4048046491094239;0.5489966363939469;0.17138919603684025;-0.974620756323731;-0.7318905157266963;-1.4229734972579078;-1.8995582250956398;-0.45655207059376923;-0.5737742561544087;-0.10590707694269315;-0.381553072166889;-0.8765458618189728;
nw=nw=nw=nw=
1.0204341980603695;0.7625026813378872;-0.44731652649097875;0.1676795959386298;0.08744323331625026;0.9842183224824301;1.106754386643403;0.4412568402201198;-1.225917628810893;0.9473892817104979;0.5876456768058641;-1.7356734958311761;-2.2715550720941464;-1.047470924918113;1.451784411257917;-0.19805659872268777;-0.6650732506754083;0.1211423120906974;-0.7049498367790692;0.11286095812939669;0.94791119838677;1.2059750839213021;-0.6473627405607917;-1.160470251444025;
nw=nw=nw=nw=

lw-lw-lw-lw-
0.40714372375123287;-0.9421661267210333;1.4938163072122694;1.0088971618579254;0.33020097119551767;-1.6577181628044633;0.282017100957376;-1.7570430326852022;-0.3434276379894383;-1.9473257014021705;0.593326700772061;-2.0204779278892353;-0.43841024870925094;1.3219878089262291;-0.32903487873581583;
nw=nw=nw=nw=
1.6928109706832517;-1.8467383556806038;-0.46355273712775835;-0.2949720454451139;1.4184262036206354;0.8532493484754906;0.34765317625366426;0.7159937412177704;0.9119694778634448;-0.17129462566710807;1.340911297964181;-0.47654580890471276;0.5348151180306725;-1.2244415122561583;1.2764742837822454;
nw=nw=nw=nw=
-1.0046279422983575;0.9749772623033369;1.1395826745283175;-0.5021714244460941;0.16572804474579675;0.43853968506706664;-1.8323028292146128;-0.7864672613801904;-1.0944965605540407;-0.9894498169807289;-0.7880990732191574;1.7942784131056218;0.5395804994587393;-1.6298004813562283;-0.16752742792901312;
nw=nw=nw=nw=
-1.1444858306416203;1.5369377279805916;-1.7049170599658066;2.002869708271416;-1.614290355133319;-1.5372310385679284;1.1249589889426668;0.1235959395857567;2.08075647265227;-0.7112568036815191;-0.47294490769059716;0.24012692797320268;0.0692979704468354;-0.8212213492286793;-0.5074917215106526;
nw=nw=nw=nw=

lw-lw-lw-lw-

____
[-1.49994813];
nb=nb=nb=nb=
[0.46599992];
nb=nb=nb=nb=
[-1.37735072];
nb=nb=nb=nb=
[0.55812411];
nb=nb=nb=nb=
[-0.13001551];
nb=nb=nb=nb=
[-0.78287225];
nb=nb=nb=nb=
[-1.31393707];
nb=nb=nb=nb=
[2.26352527];
nb=nb=nb=nb=
[0.11228597];
nb=nb=nb=nb=
[0.98836315];
nb=nb=nb=nb=
[-0.88960134];
nb=nb=nb=nb=
[0.55999254];
nb=nb=nb=nb=
[0.72371105];
nb=nb=nb=nb=
[-0.46982922];
nb=nb=nb=nb=
[-0.36556552];
nb=nb=nb=nb=

lb-lb-lb-lb-
[-1.00793365];
nb=nb=nb=nb=
[1.71950005];
nb=nb=nb=nb=
[-1.85161444];
nb=nb=nb=nb=
[-1.58471222];
nb=nb=nb=nb=

lb-lb-lb-lb-
