-0.6993716814589788;0.8486885459026348;-0.4925497489555726;0.8105887244879715;-0.7454255377834738;-0.16967147354069678;-0.8768462166006137;-0.7774667420307633;-0.39513264561529304;-0.6302706527366426;-0.06978734845294499;0.88990669982424;-0.032082744148503206;0.557778920544834;0.5824263072290219;0.03147387622583886;-0.7288255147091653;0.9879419586667784;0.8736438710175276;-0.3860944295429729;-0.25282443914090047;0.7890781552930486;-0.5494574853143461;0.5911658114093274;
nw=nw=nw=nw=
0.13756374392392035;-0.8058845099641416;0.48615179487252336;0.6561724366934345;0.9371828948092422;0.5579433121396822;0.7258457627435875;0.14251781162056343;0.5345328778183005;0.7037683111813278;-0.8536456851142675;-0.9704369079549677;0.7840938855209165;-0.2737006937334825;-0.1447814076806262;-0.07683981801792794;-0.7678471200418386;-0.8904291106185105;0.012237106099370676;0.4652922557821473;-0.5910308360583203;-0.17010926595069265;0.3410938500705589;-0.9471291036438643;
nw=nw=nw=nw=
-0.46219918025308315;-0.09598065683474188;-0.8678444088510144;0.27349268535340654;-0.8283661361717745;0.8307896509056889;0.25822331767666085;-0.9612929930807528;-0.582724310689924;-0.1810843165068765;0.01191444212437931;0.8328188120536419;0.762704505919829;0.4017309069265387;-0.6004147155707875;-0.09307452292905705;-0.4834288134720812;-0.8440256530948425;-0.2497781923070812;-0.010630781768845354;0.4300924309918377;-0.2638285125267572;-0.30122295770535845;0.29750183195363666;
nw=nw=nw=nw=
0.26278841701498323;-0.09951672725537763;0.41932015493707264;0.8180535501724757;0.34618246173977507;0.06243626886433029;-0.5623071518621114;0.10954830262934667;-0.15842700560164458;0.881985197117874;0.2765521639764721;0.15367640926969028;-0.2206767300070902;0.36900177076437735;-0.29429693512448085;0.5674567511045601;0.5131003201795472;0.5690137245569533;0.016944724273767475;0.17091701962176042;0.01987247669936676;-0.10415005130219646;0.8501044835367864;0.9192242571053744;
nw=nw=nw=nw=
-0.0011750612423759854;0.09025868886952582;-0.9309950097026443;-0.1520871865655542;0.038750500661329346;0.4782447433832713;0.22251190645539687;-0.5098895712283171;-0.9117851874922629;-0.07142068883605845;0.8744430194049666;0.6573599927011722;-0.829615042543657;-0.2641622963552517;-0.2632239855523628;-0.8663276325717386;-0.7714141879330656;-0.39129443886645165;0.8516533563624114;0.3714019548628975;-0.5012001847399472;-0.1155445994222799;0.6485816113817133;-0.4255343729304959;
nw=nw=nw=nw=
0.508801515526613;0.02288301340151322;-0.1838840529168002;-0.4661345798308276;-0.4272920396451887;0.4351076181745601;0.129740036622626;0.49527930306668;0.2950335526733825;-0.3343933610629435;-0.4354956775711927;0.9206875055615231;0.49059945431312424;0.40836064206162836;0.6857747859434091;-0.36702385223001777;-0.5412235891770303;-0.5259057845227859;0.650888316958478;0.25628829605426895;-0.262347840816056;0.06810700683083071;0.21508616692826488;0.26037704438138887;
nw=nw=nw=nw=
0.6877049652067069;-0.5722333948254406;-0.9607109393366524;-0.4881341590601882;0.6125426511474581;0.9641918799281273;-0.09473433520698826;0.8433033679278825;0.6583692336285254;0.664012173936551;-0.5825372859576738;-0.9426567774965318;0.8259510443355873;0.1304669430186427;-0.7223099211358575;-0.7554689764392246;0.8119248887078998;0.6251068143985581;0.5643387974223006;0.3695228564892652;0.4212293015470896;0.2574206791231253;-0.7150037884121405;0.4550182318904814;
nw=nw=nw=nw=
0.3358541823822403;0.0006716306654406257;-0.37603102086840656;-0.6301129660359324;-0.6948263688121514;0.036173071329295814;0.03045309093007198;0.19771096969275925;-0.5148158439396628;-0.44550770738134715;-0.1566936625046884;0.39050328343754903;0.45345644207604763;0.4328278465415256;-0.8687889312268513;0.6063533631098441;-0.5355731833004009;-0.4400872753091727;-0.36184708914413766;-0.0050775460782650494;-0.9117669871558358;0.47440226402369534;0.521434839547066;-0.44451479293966223;
nw=nw=nw=nw=
-0.5382611498494856;0.22426812325963152;-0.20451511388925736;0.5727673974917171;-0.5820517608741218;-0.5045914351334708;-0.8357654259144556;-0.2709464231443064;0.3534278172996339;0.6725155870774371;-0.7333248075948886;0.24898077690591003;0.26710665935749023;-0.24880189583817258;-0.9080678983305688;-0.3671236257728432;0.6750330874204702;0.15380350208022087;-0.1731198772887126;0.30053749724048395;-0.8446451843965326;-0.9463284389162823;0.9715816098373473;0.5577163215892542;
nw=nw=nw=nw=
0.1860965090276725;-0.35756210127458266;-0.26454730194695;0.5982003530822526;-0.1497581812701827;-0.9854455420868196;0.9678632329047576;-0.17715051363155632;0.7035262273671643;0.3659648104361639;0.7591367968448457;-0.19971862812077013;0.5613113230968558;0.3626728215877457;0.4186893436599135;0.5460549970537891;-0.9498784394953872;-0.8946070408406563;-0.50508807462076;0.8525824861615918;-0.8349226024781957;0.033684849968187214;-0.3356186253672284;-0.8757809822337026;
nw=nw=nw=nw=
-0.758689664890055;-0.3932857031086072;0.6858711687850452;-0.2677423786228348;0.61167071891434;0.38502516081015603;-0.8214250265847947;-0.4140877738787587;-0.3911351320275238;0.345555685257386;0.7712064282299012;-0.32849350904146224;0.18982633852912167;-0.9367539835822072;-0.561008928939166;-0.4627201669723211;-0.02620592496401808;0.8319819825179342;-0.5988963107800487;-0.3858511274659806;-0.11499711455749528;0.31064235012021957;0.8939282035159843;-0.976745243209513;
nw=nw=nw=nw=
0.6392831425318166;-0.5104698516335355;-0.8500317777793684;0.6042764666072384;-0.17857331401907817;-0.21313359263280773;-0.6783491536926782;0.7060153745144815;-0.36432272776471897;-0.44939811285810927;0.8807940662041462;0.08204406422783861;-0.03026954628823053;-0.7859626558758859;-0.533730754204021;-0.5219793358489893;-0.33437165406305125;-0.022115373037162378;-0.6097356970720442;0.9480282339162076;-0.34681749952726615;0.9886274010599612;0.8916223395492548;-0.5358304100976656;
nw=nw=nw=nw=
0.004865647685239338;0.5862405171058302;0.9651359330596161;-0.04569913359871891;-0.7755146876267907;0.9118054861843341;-0.36245037513920564;-0.5363329194356679;-0.07449644583293469;0.43302296017662223;-0.23408635769417607;0.15105854085835468;-0.3461195668164234;-0.170032476735533;0.3361766664694361;0.864135203259248;-0.2946938460198192;-0.7964033796813783;-0.8671506358863879;0.15864444201943173;0.14207228818940187;0.30401432126298444;-0.24524929103252346;-0.3305506986966993;
nw=nw=nw=nw=
0.00908043055175134;0.5347328342942834;0.311313337739501;-0.03358429274430885;-0.8178362725615385;-0.21085261081197215;0.44589625957590107;0.8833858833483372;-0.5971603478865748;-0.14630661952452084;0.7380207342089595;-0.18266291373983545;-0.8573114745608925;0.3731791460051499;0.6730926189074415;-0.6578813923640634;0.6438052163228678;0.2875965685982864;0.6947714090664907;0.530363791587336;0.22091211801500155;0.6322506620131212;-0.9801106998657592;0.786569100587668;
nw=nw=nw=nw=
-0.32087028383451766;0.9150149872363409;-0.4020047715591579;0.13281403453660823;0.5502406082667164;-0.8534972206571778;-0.5757317731861342;-0.10740979449582566;-0.3180021348201423;0.8251548850099151;0.6167105934065189;0.004595935402780471;-0.6636812513562451;-0.21317587009314298;-0.89340307696935;0.39070014579488377;0.9030154682417406;0.8869154609865346;0.9719961244398969;-0.011208332654481623;-0.7304646437710896;0.9645963796038592;-0.5610234688578108;-0.9397633968547867;
nw=nw=nw=nw=

lw-lw-lw-lw-
0.8542694105431055;0.8793677445389303;0.7931430883217756;-0.8445200763648713;0.9330768039100454;-0.24300948285706103;0.024449532348709502;0.6226148450693401;0.08785725338877226;0.738618572403793;0.19953966871463913;-0.6248729667229886;-0.45572276680123136;0.7087214101823602;-0.853765185888389;
nw=nw=nw=nw=
0.343508979626415;0.09705571717499617;-0.9474164598965196;0.15366551532118766;0.9823523357902373;0.3096081171849767;0.9956629579856813;0.44786863482729755;0.9614576087173694;-0.7157239810602118;0.09994943510180176;-0.27377571114946453;-0.6660967760068486;0.7595032773484292;-0.29723284067525735;
nw=nw=nw=nw=
0.3462549086162341;0.9790614378340747;0.3452061005772833;-0.6144662419194669;0.39679459801985906;0.6456939980310006;-0.06963803817673297;0.8948074292288071;0.6837608025295434;-0.1512489965145325;-0.5677425828755234;-0.8050252683411239;-0.0200983141875668;0.5781883395082326;0.1558040583943734;
nw=nw=nw=nw=
-0.0761851288825679;0.2582617610811311;-0.7953409407816141;-0.9062754878870365;-0.949364164047442;0.5890423472564794;0.37458709350698083;0.7421675046736547;0.5967887365577944;-0.6740721789720274;0.2949861221818222;-0.22460296738083185;-0.8621332503515464;0.008336430655488725;0.8075249118869356;
nw=nw=nw=nw=

lw-lw-lw-lw-

____
0.41540396283791137;
nb=nb=nb=nb=
0.4754572583811971;
nb=nb=nb=nb=
0.8410225299174123;
nb=nb=nb=nb=
-0.6787336607174395;
nb=nb=nb=nb=
-0.40188256508888887;
nb=nb=nb=nb=
-0.4750545818745122;
nb=nb=nb=nb=
-0.4897683590905466;
nb=nb=nb=nb=
-0.22548412851273514;
nb=nb=nb=nb=
0.042602089188730874;
nb=nb=nb=nb=
0.10330997606043901;
nb=nb=nb=nb=
-0.8173341083340173;
nb=nb=nb=nb=
-0.5749974839311391;
nb=nb=nb=nb=
-0.042185887834921054;
nb=nb=nb=nb=
0.2735654615704557;
nb=nb=nb=nb=
0.7893192888635392;
nb=nb=nb=nb=

lb-lb-lb-lb-
-0.37238492741187934;
nb=nb=nb=nb=
0.2511973596259449;
nb=nb=nb=nb=
0.13605835144660317;
nb=nb=nb=nb=
0.2965218378648695;
nb=nb=nb=nb=

lb-lb-lb-lb-
