0.30309286601695673;0.6742328018520647;-0.3461489531556097;-0.8425590230762916;-0.24339621779296028;-0.5541235518522947;-0.5167453366495827;0.13082966629804238;-0.8612251727039273;0.7873348688604203;0.9323922457308875;0.5045248015096417;-0.9855446563902988;-0.33634752016334946;0.2635114650363366;-0.04204316556154053;-0.9240335639413833;-0.5190009411306944;0.19862922488040846;-0.9783749740354215;-0.3348179936205924;-0.703958412595769;-0.623505324934629;0.4848188451981166;
nw=nw=nw=nw=
-0.8559016836446196;-0.2927352336549689;0.02587701706980905;0.5342448973719345;-0.041983870788615096;-0.506966760096307;0.4821908388375473;0.15647972016956446;0.8668779229169137;-0.3171177956170834;0.06109645274393616;0.43137265013592696;0.7140287805488608;-0.850849541268097;-0.22782950443293615;-0.5513223090792492;0.6368758409748314;0.24203915979680946;-0.3443451324237623;-0.6622039328009834;0.6360051344838182;0.43223938309878585;-0.9482684556657242;0.1825049966582195;
nw=nw=nw=nw=
-0.9725297173569021;-0.813393977857918;0.8173380480751498;0.6938318664899092;0.6413988471265948;0.44849760942884;-0.29618849300747585;-0.9271948273881727;0.4786294535610909;-0.10475678609948869;0.4210806780777214;-0.5212160752872295;-0.7910063836760306;-0.24787584182297095;-0.13741736839378138;0.658193375061557;0.7615606802252572;-0.42286764938389654;0.23682595024622177;0.019150037509851003;-0.052608587026274245;-0.5637288591869827;-0.28075478525180486;0.015551034889451865;
nw=nw=nw=nw=
0.7061734984935661;0.25928399990479867;0.5362507440051314;-0.03630106767443442;0.6312165164289298;-0.6447236032180015;0.20542888421669847;0.3518814567115336;0.4430568986729544;0.8010965788353861;-0.9074886175660253;0.27934934179375515;-0.42085240576305405;0.46493978670724156;-0.2570376398889791;-0.8226869432371355;-0.2786250805808699;-0.6164549071914187;0.04229450283070446;0.3457036829138169;0.8746628108621646;-0.8780677454941936;-0.3753650145960272;-0.7970127506802249;
nw=nw=nw=nw=
0.3771952604771678;-0.09862320374473765;0.0002473702765886099;0.26075926819267004;0.2813781601050167;-0.411659766604936;0.5909963177835125;0.8831822464277559;-0.8092759584625409;0.6100582971792317;-0.3195413768445885;0.3553340162216905;0.2802793903876155;-0.28907313019421976;-0.7216890125392454;-0.53599632916957;0.931063038033269;0.8507629922449431;0.5638280334440471;0.6077507136369111;0.8871910225293234;0.7092612888440393;-0.8116717010459078;-0.04818029829790382;
nw=nw=nw=nw=
-0.2466992124431493;0.9351316799843024;-0.4844079546419189;0.48499754143845375;-0.15455842660304353;-0.20179826043084637;-0.6804903398030102;-0.897668198181597;-0.07644803124706478;0.1686006080990603;0.45494481095293726;0.4064923749536089;0.8292773183662157;-0.3257537597184348;-0.27181572523605113;-0.5383134458056087;0.5529368723039367;-0.7754674153580867;-0.6110899328521526;0.9287436578098303;0.11864166761710337;-0.7218164000997591;0.13728355467666709;-0.7960709846710419;
nw=nw=nw=nw=
0.6981920077040138;0.977938575002105;-0.7840209707871595;-0.5100767037167688;-0.5344296936159756;-0.32588653002708945;-0.5954008218208013;-0.9601590780336595;-0.45852876100013074;0.9658736149520508;-0.6612204536328936;0.5067238256303941;-0.0673756737523763;-0.8928363598441493;0.8763914022056267;0.6333588414966915;-0.9432117036300607;-0.5407582719162742;-0.6314485135414905;0.4044186539109389;0.7484324105315294;-0.03747292526204182;0.40014569687061075;0.8461250000061271;
nw=nw=nw=nw=
-0.3124012856843741;-0.04332327987821927;-0.5556748705344374;0.7409103872807459;-0.6739896732951791;-0.08379121425446101;0.36268560076124734;0.21934207248932314;-0.8470598298624441;-0.5629840068421514;-0.4354845186193379;-0.9502191140008265;0.7338418649289065;-0.7986854621223034;-0.7545309795334532;0.6765036145711907;-0.8838204664510902;0.7722328346266241;-0.7268360781386434;0.7196482424008062;-0.49421141263906954;-0.6017431957745776;0.20229906915264628;0.5087802028477448;
nw=nw=nw=nw=
-0.7789996841008437;0.25002852517918206;-0.23566899561327292;-0.4468763037693313;0.898275749184186;-0.867973859797232;-0.7873651296259763;-0.5599461847855749;0.34670241228786347;-0.5622084778800922;-0.2527088651667324;0.04389686688534411;-0.4177540513504323;0.6023596528007917;0.03509227061400866;-0.6366252343621852;0.8339543576144994;0.7020682908928981;-0.7980022852744568;0.6774577718659731;-0.2824844741819619;0.6350732695130574;-0.48111264078331284;0.8076554411297701;
nw=nw=nw=nw=
-0.19540687142971302;0.8145483322197862;0.1558548367332666;0.7593352410266552;-0.9636747514114432;-0.9245744471109527;0.5512734603531892;0.4642822012937111;-0.4602472602581038;-0.7158960276759434;-0.10874457984113328;-0.46630824308464147;0.798852714681155;-0.15971308503311543;-0.00928419782175438;0.10006597394959149;0.22998182473720385;-0.5038087838219008;0.4688129283812579;-0.44950707710705906;-0.6888148780463945;0.5820405465265384;0.7868534355382204;-0.7133081370427672;
nw=nw=nw=nw=
-0.6941539430365482;-0.8412405428325851;-0.007056139755210689;-0.5326818895701557;-0.3779213463678175;0.4686263889624016;0.019885922228769948;0.04612467041527801;-0.4577529033628531;0.9434037907760813;0.7664149330146575;0.07421118446534636;0.5818052304880605;-0.7214557162357913;-0.6910984286254953;-0.3064040856522978;0.01587315969660552;-0.07860565489166382;0.5491868860545592;0.9922903069368747;-0.6940004941534486;-0.16943084461870006;0.36458667631624886;0.4666162748779439;
nw=nw=nw=nw=
0.4351977769615889;-0.6448311585253186;0.8588827505603105;0.29565589549809634;0.9367484985378993;-0.8115672017991755;0.6107017719095436;-0.08423185157526403;-0.2749307739725233;-0.7917526414556895;0.1949564508081325;0.28970240896464317;0.7093968340578751;-0.122325591735162;0.9944080739281078;-0.3525243285290649;-0.1706071922586383;-0.4163499822734169;0.4544107243075364;-0.9372015064602242;-0.3934378152052538;0.4685324301082123;0.5501604049964968;-0.5392295604354536;
nw=nw=nw=nw=
0.19736308326632646;-0.326256102425061;-0.23188878843246896;0.11361710222821952;-0.10805811108360297;-0.22445738168510498;0.9540529336439112;0.4220800654443033;0.7657269155120769;-0.041381350015502916;-0.03586621536989565;-0.4664123028706353;-0.4520173572218864;-0.835380782167757;-0.5783742353379175;0.5743714770546904;0.9566813047762708;0.982078889771274;0.3831115063411934;-0.1084855539042957;0.31325383337584545;-0.18771923045046646;-0.6463658168523325;0.06617972931352822;
nw=nw=nw=nw=
-0.9055795413760699;-0.49545966905873984;-0.38769858626106957;-0.367224320260501;-0.247715343379447;-0.9722879427823357;0.06713029837164619;0.36763578317440837;-0.42356245309253726;-0.2042807655265213;0.3519822428905415;-0.5323332528309865;-0.3835228094596863;-0.4566546615497231;-0.17692819334526;-0.5179832710024901;0.7109549569535158;-0.9188765875559894;-0.012026269356547381;-0.16069899754074468;-0.9300156770777466;-0.8463244310184055;0.7135248518420496;-0.4769311465290176;
nw=nw=nw=nw=
0.24354453788785335;-0.040895534097557196;0.7832899971618312;0.7037288473920316;0.07208472193602522;-0.1579316272553526;-0.5401419190170837;0.3948917986537037;0.14151429477094024;0.5617392194037134;-0.5483702745524375;0.7319062491024311;0.848445108508187;0.17106303220428498;-0.6592741205986743;-0.3612574631283696;0.09753566686891468;0.7498942956306689;-0.6603684916247785;-0.2189480438051672;-0.3997479259911021;-0.1887448619195642;0.4350976548687886;0.07194819939622654;
nw=nw=nw=nw=

lw-lw-lw-lw-
-0.20618196175902614;-0.7964166823436258;0.5110893056662162;-0.8682688090844675;0.9210004655011144;-0.8731399350663152;-0.9586946758427506;-0.6040118708749924;0.13503605833429466;-0.02769569976062125;0.38563577767447677;-0.44358271662992865;-0.7661433265482802;0.6064232975130912;0.9557025835058204;
nw=nw=nw=nw=
-0.5019551165625054;-0.4098507745525122;0.6209575335849515;-0.7952161991484052;0.5421204280770255;-0.2623583604353732;0.5470696012606886;-0.8422743072718881;0.8995329329152253;-0.9500374778895215;0.8075624267008423;0.5439138460326667;0.3244330415430663;-0.31338928231080243;0.9972973188140726;
nw=nw=nw=nw=
-0.8266651057490533;-0.5279106482381677;0.044251320779004066;0.9464288102517129;-0.929326008203418;0.16561283407969074;0.4833834181112282;0.18202693849885243;0.5971700462133704;0.10202351604711057;-0.38098026798564777;0.8791849501488911;0.6587921167146547;0.020494489195291177;0.1492633629049862;
nw=nw=nw=nw=
-0.5040977474408797;-0.8163941179090575;0.6038817004060499;0.6439623827873047;-0.7632300778686636;0.6152553566600931;-0.8872734557914379;0.3784516290523545;0.7663761930313469;0.34629715465753264;0.04605000076461807;-0.3605920550658206;-0.1925789043600119;-0.8426494601884895;0.1062227466526755;
nw=nw=nw=nw=

lw-lw-lw-lw-

____
0.11371837986460687;
nb=nb=nb=nb=
0.2967530431029748;
nb=nb=nb=nb=
-0.8651886562992162;
nb=nb=nb=nb=
0.25723670354385475;
nb=nb=nb=nb=
-0.8408803335951553;
nb=nb=nb=nb=
0.5370026899882865;
nb=nb=nb=nb=
0.02051628928166238;
nb=nb=nb=nb=
0.8534482008530377;
nb=nb=nb=nb=
0.6288683463631695;
nb=nb=nb=nb=
-0.8418820517411489;
nb=nb=nb=nb=
-0.9562259679035228;
nb=nb=nb=nb=
-0.9478587960583187;
nb=nb=nb=nb=
-0.008147953038875722;
nb=nb=nb=nb=
0.9920730102014592;
nb=nb=nb=nb=
-0.0027567266355630338;
nb=nb=nb=nb=

lb-lb-lb-lb-
0.879698218573848;
nb=nb=nb=nb=
0.0666829655447756;
nb=nb=nb=nb=
-0.03544613103781713;
nb=nb=nb=nb=
-0.1476713283857607;
nb=nb=nb=nb=

lb-lb-lb-lb-
