0.2766757261544721;-0.10489030862518423;-0.029636792749855756;0.6270193310839962;0.910845258330715;0.04124610781677518;-0.8848764420390218;-0.4314102304944545;-0.17197265376083837;0.16617650206428425;0.46424084420108813;0.5349812413938695;-0.3368988504464254;-0.479001500759906;-0.3874527223906745;0.6385819232279364;-0.20573102717192948;0.947390029727813;0.8794242314451939;0.8646067486495519;0.9547188489986114;-0.8191074517515569;-0.5238385211234795;-0.6003149703720065;
nw=nw=nw=nw=
-0.8419397038585759;0.29641625740160626;0.20952931457923896;-0.42315615346917057;0.7132279753958155;0.6411811585779581;-0.2928242823241811;0.3706270461890777;-0.6367079507042541;-0.022258129495646317;-0.7486903946781063;-0.9841351661489903;0.33521969206290336;0.8753131583169607;-0.9791066894697908;0.988021097205027;-0.1403536599630819;0.7729290852796287;0.6627510554615168;-0.9367250466286969;0.8451625599375754;-0.8101160945143779;-0.16484974581023892;0.6234790989816636;
nw=nw=nw=nw=
-0.5172352140042105;0.7115815510055408;-0.7538804915097927;-0.8691280635451681;0.8749943679909287;-0.8258612655212603;-0.1291216493434333;0.7485872329917571;-0.5509673392874608;-0.4125169649214666;-0.6413430617333569;-0.8125616752194147;-0.29606759647091097;-0.04454400678853632;-0.7756434912269232;0.36293069345555273;0.17497734297310363;-0.73478211571117;-0.45084764365248065;0.9513662966752421;-0.32775756091299635;-0.8253895827303006;-0.14206823658166368;0.4942353959730872;
nw=nw=nw=nw=
0.7460131841269113;-0.5161269661159451;-0.4270767527487922;-0.4201823050761393;0.32239565399829107;-0.837060919937505;-0.42846104331945334;0.26763568350376765;-0.24533192819983451;-0.18181563500886577;-0.5749642142302469;-0.8886654764789805;-0.3448464615118412;0.6269061462421919;-0.025017764749531768;-0.6941205581289962;0.41328408797880845;-0.8843341649240095;0.6250844843153318;0.38999336112148764;-0.4446100446163923;-0.9839332285895004;-0.46655036273854256;-0.22048179765423592;
nw=nw=nw=nw=
0.03097496928450849;0.9475581145374783;-0.527381722981447;0.6126712229107705;0.5683923644257836;0.48742690801993205;0.0994929513760896;0.7587195165843752;0.24318731104954594;0.627313176140184;-0.7212416436321718;-0.523507019535062;-0.42964072928235053;0.9437944456531921;0.47059739861796435;-0.4843704367039705;0.4588548857463055;0.4234711210108777;-0.9123385408423703;-0.9029637188652411;-0.8458932064377229;-0.6887014428628606;-0.24623478641967433;-0.9252592544111118;
nw=nw=nw=nw=
0.3256905441405207;-0.2936101837933496;-0.5144645422078475;0.37238170829692474;-0.31666304247258736;-0.035816727461249975;0.37876905759519963;0.05516660816052554;0.5498966438373807;0.8224372534220912;-0.053627028603815186;-0.045779116495601846;0.15873249669179068;0.6763529442150484;-0.6316852232162433;-0.6266753082098901;0.7645693367576294;0.4812665319298932;0.8004801543779674;0.8870885090512644;0.5102812980615423;0.6053414859293764;-0.015220253332136613;-0.9799490128033457;
nw=nw=nw=nw=
0.3866616461638803;-0.19949766818342907;-0.6980724005340468;-0.3934288415259022;-0.23264294899713733;-0.17176081192139137;-0.7624507874093587;0.5503380862594027;-0.3861722547675883;-0.1485899940265718;-0.11268301975066075;0.25269965293831476;-0.87344103623202;-0.869470292358208;0.19401723226525402;-0.6191159144142793;0.8662215021915363;-0.9707002316002533;-0.7059707987954433;-0.6856083368551331;-0.6300887479052064;-0.3267441380697953;-0.5187653738853548;0.9748765221357645;
nw=nw=nw=nw=
0.9571165594076707;-0.6994931454489277;0.5031346981506215;-0.781207679480658;0.13555125791149125;0.7400714246617468;0.9046379717955193;0.8106319294669029;-0.7747263501618393;0.8599784273609368;0.14727901246126818;-0.5653282194658229;0.10438077179205196;0.35930219574272937;0.3882569534695488;0.8814345539128152;0.7214924684320883;0.4238505518269371;-0.8863056123585848;0.754695871679645;-0.1471445905569222;0.46875428625824234;-0.924965723002888;0.8094649268222218;
nw=nw=nw=nw=
0.9474539847087804;0.2780289176848365;0.5811833510118227;-0.1045671214741033;-0.8569692804174052;-0.9728559994726893;0.9589504914746787;0.570481760721262;0.44966338098110636;0.9292762976013715;-0.008612079692484897;-0.8492518208832933;0.31175248902277186;-0.4162468069310934;0.21844187003435112;0.6096162300288459;-0.10519464899881226;-0.1313926913386847;-0.5847144918801106;0.3697737951230502;0.32543739603569777;-0.2959774600838663;-0.14965037334338072;0.35017303076313566;
nw=nw=nw=nw=
-0.38834114553981447;-0.5276169628746314;0.5890335752048683;0.6748771507675584;-0.7208426329174513;-0.0959265863880081;-0.7112572427639541;-0.39383148965144477;-0.11464335762316824;0.5955898218688278;0.07273198453043861;-0.202700479934526;0.6277383274213051;0.13097622875842396;0.10219630513424027;-0.6108821633941477;-0.006830201898208488;0.9400157703963887;0.7227209836339683;-0.26471044246958764;0.8212249477433595;-0.8275747602912495;0.5324907148506797;-0.7015369886936778;
nw=nw=nw=nw=
-0.16846103165779058;0.11507750097983616;-0.4196662943099876;-0.4609907311368875;-0.9753793721197672;-0.500516239178038;-0.04573903611843022;0.5571320877994974;0.23681645649035565;0.20578730765352726;-0.08863727220989515;-0.8549736823946457;-0.9487765635569627;0.49632615330508156;0.9040412631193968;0.04497338688884378;0.4906693507963886;0.4637601602016257;-0.06249709454958352;-0.2187282885121029;-0.9414618835321564;0.6163033271105784;-0.0695427035906242;0.9818261299609659;
nw=nw=nw=nw=
0.5002552617447438;0.6292750806055913;0.13714750099117112;0.34518984006746667;-0.16509676771247594;0.1558931782536741;-0.4464847308732698;-0.12765272135221983;-0.2502252141727841;-0.7048579795686043;0.5974670318740103;0.07779662373419804;-0.6305881941281346;0.07732090356717802;0.5318528693493829;-0.47595621788930154;-0.5599728756923128;0.5140124989353305;0.08610932972475238;0.5657745756301347;-0.747465053394228;0.4194462744532461;-0.8359132698144949;-0.7371751792662669;
nw=nw=nw=nw=
-0.007364529444966461;0.4011270711950219;-0.5565561245089043;0.33790166752303064;0.3891175867286696;0.8414148150253489;-0.07925033364028011;-0.4639710784429594;-0.8966493393964958;0.4132911529749921;0.4263934718341993;-0.30776272553945083;-0.9351233229568703;-0.01579388734296505;0.3389259747260185;-0.4896332636562659;-0.639998198144639;0.33078615141305234;-0.9548344305784182;-0.3721131174687595;0.4767484647990421;-0.34515886258172457;-0.5806258598089604;-0.728995516781888;
nw=nw=nw=nw=
0.8193466109971883;0.06038476668506987;-0.29994229532253014;-0.7580235969569695;0.4439068935174961;-0.8176105155782629;0.4661622217717889;0.03659744542742294;-0.6743807995601099;-0.02593949611385704;-0.339989373519922;0.6908723836026835;-0.6719025966265311;0.17880202122965527;0.4517862761420208;-0.44330471009503736;-0.04336222097234965;0.9498162909849315;-0.876355028939148;-0.7008713777390645;-0.9937885001434816;-0.7138356418203329;-0.9523476743926302;0.06572852256174588;
nw=nw=nw=nw=
0.36027988137257116;0.12225990423459043;-0.6655213083514067;-0.6865927419172884;-0.05294711875763536;-0.2727352778641914;0.5280081725937236;0.024492012170033606;0.2454061063940669;-0.5360570772998441;-0.6258357858334744;0.38256083445737077;0.7805289605090404;-0.8819579192999785;-0.5764558001555011;-0.7740112114385951;0.3905347835532076;0.47917864518738384;-0.6010191558864073;-0.4089022251297545;0.575136317739098;-0.23417030888821566;0.6512653959064161;0.8855749847846359;
nw=nw=nw=nw=

lw-lw-lw-lw-
-0.5091734311204528;-0.4376803100136297;0.14537603688621115;0.7509518139020843;-0.538970232420777;0.7343316769202355;-0.3629539144117362;0.541777393958969;0.07248826560818267;-0.5749571765538801;0.1437776649682705;-0.5781749783354679;0.05430088494459073;0.9005756471784936;-0.7786223807450368;
nw=nw=nw=nw=
0.9286963935607941;0.7474485931234602;0.5213323787411572;0.3871422211746707;0.899487083088371;0.5826997430803416;0.07182115311569626;0.7768842392126716;-0.8784320206832574;0.11315871752451057;-0.3189737930195118;0.2148720693379429;0.6759742254555379;0.5244296063561511;-0.605506364759248;
nw=nw=nw=nw=
0.7326449937117188;0.03936800503722604;0.7813737427926981;0.6301471198821931;0.09944776292330415;-0.37888870688758836;0.9411712103530865;-0.42145276627560313;-0.03879010985243392;0.02131436742672621;0.8152769053983193;0.6470139457620032;0.39089770863766304;-0.7268403060321551;0.349078804221846;
nw=nw=nw=nw=
-0.7714319567838737;0.21661412886388498;0.03168708622090444;-0.7894601866250333;0.6274481129784655;0.6721582730174274;0.9534148207464519;-0.5742838344368812;0.5380899626480689;0.12829882542667215;-0.6397667256316844;0.702315691936036;0.8424511587921901;0.2031655700222159;0.31057828442218316;
nw=nw=nw=nw=

lw-lw-lw-lw-

____
0.09379614350439569;
nb=nb=nb=nb=
0.5259092439814061;
nb=nb=nb=nb=
-0.6765212001240972;
nb=nb=nb=nb=
-0.5479783964486962;
nb=nb=nb=nb=
-0.5319112660107559;
nb=nb=nb=nb=
-0.45912222701860217;
nb=nb=nb=nb=
0.16362320920778273;
nb=nb=nb=nb=
0.32932302623812326;
nb=nb=nb=nb=
-0.9911652297740965;
nb=nb=nb=nb=
-0.5638164053842813;
nb=nb=nb=nb=
0.7160584855789796;
nb=nb=nb=nb=
0.5361944344108371;
nb=nb=nb=nb=
-0.18204340174489686;
nb=nb=nb=nb=
-0.13977081899698884;
nb=nb=nb=nb=
0.5375301692606307;
nb=nb=nb=nb=

lb-lb-lb-lb-
0.9233026269918942;
nb=nb=nb=nb=
0.7003581248800554;
nb=nb=nb=nb=
0.8711497338793102;
nb=nb=nb=nb=
-0.7756900172053265;
nb=nb=nb=nb=

lb-lb-lb-lb-
