0.277905537104155;0.5926175420563426;-0.2315223841370635;0.631902315772557;-0.15036390001086963;-0.15853968234114135;0.5395378383973033;0.3933247529235493;-0.6352883262561906;-0.8602224074830593;-0.5702929993242782;0.7593520491864243;0.8769231802083859;-0.2743667243788612;-0.08335480807841189;0.5186407786940241;0.6013363306541095;-0.9517051582720009;-0.2748205696876882;0.5056598823144527;-0.9463162274467054;0.9786638280860971;-0.5238385211234795;-0.6003149703720065;
nw=nw=nw=nw=
-0.8419397038585759;0.29641625740160626;0.20952931457923896;-0.42315615346917057;0.7132279753958155;0.6411811585779581;-0.2928242823241811;0.3706270461890777;-0.6367079507042541;-0.022258129495646317;-0.7486903946781063;-0.9841351661489903;0.33521969206290336;0.8753131583169607;-0.9791066894697908;0.988021097205027;-0.1403536599630819;0.7729290852796287;0.6627510554615168;-0.9367250466286969;0.8451625599375754;-0.8101160945143779;-0.16484974581023892;0.6234790989816636;
nw=nw=nw=nw=
-0.5172352140042105;0.7115815510055408;-0.7538804915097927;-0.8691280635451681;0.8749943679909287;-0.8258612655212603;-0.1291216493434333;0.7485872329917571;-0.5509673392874608;0.42713762634058927;-0.28100352369471904;0.3211574271040236;0.022615880802918653;-0.0976526492415235;0.4092842085915265;0.4710570028771477;0.3173986418036765;-0.8984072024243857;-0.40019879575553663;0.19578821931992718;0.01655451338215408;-0.9606672100464093;-0.5904960773161796;0.21437958890661712;
nw=nw=nw=nw=
-0.21282236870684512;-0.22736193749746358;-0.279233466357665;0.55527286001343;-0.09310844516883154;0.17023315795569838;-0.5304898120898973;0.9799743121778914;0.36143118238570304;-0.2186770868188368;-0.039003355981034105;-0.8329257322658647;-0.22220063148101832;-0.39330731151930376;-0.46052385395642603;0.6519305296790296;-0.12466411484833162;-0.9353034589973495;-0.9902028429687892;-0.03148603347432055;-0.39703632940502787;0.764133813863398;-0.5127401548132231;-0.40150137277861875;
nw=nw=nw=nw=
0.09406350763909299;0.5393602369312438;0.2814647291736949;-0.10243906673061076;-0.14640580453489127;-0.9139188214818383;-0.9901321505113037;-0.688979717110441;-0.29386549552253505;0.7566608980860607;-0.9471789375651904;0.3326546907193568;-0.19007597401825205;-0.3025687514511719;-0.5818380459897439;-0.3813188477215588;0.7764865288353042;-0.21071904412917086;0.9722094965261205;0.6582885631998272;0.48891159376465065;-0.838560440387494;-0.4321607616808456;0.5324624500006199;
nw=nw=nw=nw=
-0.3605561887843107;0.6849636232092542;0.7237475945122294;0.631871063973052;-0.48406568644574377;0.06010298329805619;0.03484098334281649;-0.9852694249858451;0.6304978296002404;0.9077281805681421;0.8622408455852641;0.06359680703214887;-0.9519233252750103;0.2840417092827019;0.6424706674625209;0.6444793480573769;-0.7065315103132055;0.31872328944561423;-0.5856333449395523;0.2945685899962982;-0.3720363623250629;0.6800473206101889;-0.7306235050333043;0.5660184919349247;
nw=nw=nw=nw=
0.04219577096337623;-0.9842118332786283;0.5061234441746889;0.43096998229924943;-0.8022059830159662;-0.7375688860703122;0.20839405698227575;0.2898774098680579;0.10853669061398641;0.29127369398449754;-0.2941804923204867;0.6611698861570923;-0.4486527979155186;-0.09753223844307213;-0.5620725624964014;0.4921105294618149;-0.16909212634733595;-0.018275406281856865;0.9640038473528392;0.15079257857060369;-0.6755302425916097;0.1807513027105283;-0.5087858057523929;-0.1411212842593117;
nw=nw=nw=nw=
-0.3496226482430702;0.4557043315080782;-0.03707211931735177;-0.7384208536422807;0.2650651931912624;0.3648842903163172;0.40087741906982033;-0.7556696699501406;-0.4101038679387472;-0.3874783604796026;-0.9561710408863322;0.452141311475049;0.24404361842316025;-0.15854882765133294;-0.9190990611677381;-0.29564621187705176;0.2554423215619681;0.4238505518269371;-0.8863056123585848;0.3636736281212438;0.9666393606074102;-0.6056841204033356;-0.9754397391923693;-0.08723542755377389;
nw=nw=nw=nw=
-0.6526315543884631;0.3925825510887142;-0.8558647158932264;0.621636298582517;0.7797294327189037;-0.1387779403028977;-0.6097249044114634;0.5597690236615758;0.7956274020650125;0.8440859097904803;-0.2386149920738465;-0.6140511228868446;0.9455862441008851;0.3220849059049127;0.7052798002190621;0.8331938743534997;-0.5150679934239715;-0.9227361321806558;-0.5692395958263645;-0.2638061637067328;-0.8570622932643288;-0.0236018489845069;0.6483859530676401;-0.7895985315970566;
nw=nw=nw=nw=
0.14931966415352926;-0.7784715402758813;0.4441640459905869;-0.16853675791782452;0.7821198590956753;0.1943393534129949;-0.8889699895484546;-0.27996664295393114;-0.06343815439706124;-0.0768414840270597;-0.6131447951711002;-0.5938864484728663;0.2414807039968423;0.7440267870931438;0.7577272080905713;-0.2932995647327463;-0.16492453655315464;0.42953111071700945;-0.7514588749706552;-0.45149293855629424;-0.9573504744884704;0.11772198569698245;-0.40038820334423497;-0.38215770562035334;
nw=nw=nw=nw=
0.19665071400352474;-0.49364655475662467;-0.2137509886268103;0.02787249428859062;-0.20375002871462278;0.5596994908224144;0.7494828013606278;-0.9260061288996748;0.5494905979659523;0.5334396444988316;-0.08863727220989515;-0.8549736823946457;-0.9487765635569627;0.49632615330508156;0.9040412631193968;0.04497338688884378;0.4906693507963886;0.4637601602016257;-0.06249709454958352;-0.2187282885121029;-0.9414618835321564;0.6163033271105784;-0.0695427035906242;0.9818261299609659;
nw=nw=nw=nw=
0.5002552617447438;0.6292750806055913;0.13714750099117112;0.34518984006746667;-0.16509676771247594;0.1558931782536741;-0.4464847308732698;-0.12765272135221983;-0.2502252141727841;-0.7048579795686043;0.5974670318740103;0.07779662373419804;-0.6305881941281346;0.6124501104273858;-0.8172704116891218;-0.762861927938234;-0.9998660483290867;-0.38291053392869845;-0.5437308514558805;-0.23892990502154077;-0.7594232873146036;0.7806737508799599;-0.17937975718082777;-0.4146851666273226;
nw=nw=nw=nw=
-0.9390799958022737;-0.8421927821880604;-0.48341602677987594;-0.5246856039857315;0.18819083020252725;-0.010651939167797053;0.5927491538352525;0.23001427783149553;-0.7242048976451108;-0.9868283647251923;0.143400688458867;0.6028464639123903;0.9467356354462242;0.15537477338324313;-0.7521639575445955;-0.1120321992544282;-0.639998198144639;0.44265983167332346;-0.6415216514373248;0.0021113805897055027;0.9728786525651831;0.07602017159124541;-0.06758160152620696;-0.046584211090151095;
nw=nw=nw=nw=
0.8193466109971883;0.06038476668506987;-0.29994229532253014;-0.7580235969569695;0.4439068935174961;0.04122221729855369;-0.732244339137049;-0.49864353603222433;0.6101699936594955;0.6563105560589824;0.17529967005816083;0.8080767784268423;-0.6327812692655848;-0.763616454043013;-0.808917414526803;0.11237768205034127;-0.6017212032021177;-0.0995873027132903;0.5404482186268835;-0.7922769543323331;0.9812606933657761;0.46938666639765847;-0.023729070234719263;0.00021847474136382772;
nw=nw=nw=nw=
-0.17907952417351747;0.9837447406427036;-0.4748658528706755;0.36754475987138635;-0.5494544267449559;-0.17620476567664456;0.005348937948163268;-0.953640624897161;0.46375280461080814;-0.08773026348802615;-0.4809586268971431;-0.7500277124953212;0.3591590584353972;-0.4915244262579186;0.9769504224667775;-0.9114392262977449;-0.0610989447406145;0.9831910591711011;-0.13700028470233638;-0.79722358995586;-0.8394219553837874;-0.9895309261791327;0.4895787343141682;-0.3042007997883265;
nw=nw=nw=nw=

lw-lw-lw-lw-
0.6397814057070117;-0.27805602203360413;-0.9538648686075357;0.8814284976429945;0.27340961927247887;0.20100589147133663;-0.40542412569668285;-0.37704909431940226;0.07248826560818267;-0.5749571765538801;0.1437776649682705;-0.5781749783354679;0.05430088494459073;0.34637644987991956;0.7745031779597822;
nw=nw=nw=nw=
0.8793792414058117;0.5798508752495526;0.8738769087341454;0.0462460474926627;-0.8708592693640576;-0.3770237574559061;-0.8687287016921457;0.431508821704893;0.1500518984061452;0.04093477219669128;0.1720184155850506;-0.7446679663765323;-0.753078906884949;0.13570890099762756;-0.3647349685683019;
nw=nw=nw=nw=
-0.6177584261448772;0.02888916614267889;0.7813737427926981;0.6301471198821931;0.09944776292330415;-0.37888870688758836;0.9411712103530865;-0.42145276627560313;-0.03879010985243392;0.02131436742672621;0.8152769053983193;0.6470139457620032;0.39089770863766304;-0.7268403060321551;0.6022047019545815;
nw=nw=nw=nw=
0.029827313380440534;-0.07551224085159669;0.7729466302404691;0.09460921407834189;0.040933806874591694;0.37449640118472804;0.7817419826539673;-0.5719752371912286;-0.3417801147839252;0.5430778144775048;-0.6397667256316844;0.702315691936036;-0.8187135214633103;0.22749687686253228;0.9115155234531895;
nw=nw=nw=nw=

lw-lw-lw-lw-

____
0.16590182156289734;
nb=nb=nb=nb=
0.5259092439814061;
nb=nb=nb=nb=
-0.1251921083845704;
nb=nb=nb=nb=
0.9715436141347962;
nb=nb=nb=nb=
0.14184780991743495;
nb=nb=nb=nb=
0.7396733056241536;
nb=nb=nb=nb=
-0.024495281310267458;
nb=nb=nb=nb=
-0.8627408772656182;
nb=nb=nb=nb=
0.8975082487412531;
nb=nb=nb=nb=
0.45843762796364995;
nb=nb=nb=nb=
-0.18146046213698863;
nb=nb=nb=nb=
0.627564506247805;
nb=nb=nb=nb=
-0.9936448342402358;
nb=nb=nb=nb=
-0.43467102725094087;
nb=nb=nb=nb=
0.7030441075490712;
nb=nb=nb=nb=

lb-lb-lb-lb-
0.8330952843646586;
nb=nb=nb=nb=
0.9867027685314598;
nb=nb=nb=nb=
-0.6289826160312384;
nb=nb=nb=nb=
-0.5355446911382902;
nb=nb=nb=nb=

lb-lb-lb-lb-
