-0.2084686945541856;-0.955566940001638;0.918780844060892;-0.8757338130950139;-0.07351970218387938;-0.4673314292529922;0.7147690002004918;-0.541615876369125;-0.12259237415308455;-0.153983022824415;0.40704873074064785;-0.5033625718265624;0.9541332818572916;-0.6195556787938401;0.251360503784134;0.13583918413618012;0.33467333882658146;0.15314882246006012;-0.7025900600685706;-0.3272999227333995;-0.33733124952248117;0.4131572762676812;-0.5448465903764272;0.9282484724386282;
nw=nw=nw=nw=
-0.05102613540580303;0.959454461562286;0.7265737361628513;0.23129752681631643;0.6817990891493133;-0.9728591344437774;-0.9928923899822963;0.30803819153241285;0.5712002799378695;-0.8951713347504089;-0.7615773375395236;-0.8794606340831035;-0.34297895755767605;-0.7563311360238092;0.6578163667042871;0.7306433996239932;0.5817914674472697;0.4114329074158751;0.07998910026703743;0.7792076758890802;-0.8949946642803543;0.7749281162955617;0.6821588728586301;0.02109103060379347;
nw=nw=nw=nw=
-0.4792405239702704;0.9059115688841588;-0.7356660187404094;0.6560705176301318;-0.6878759322585302;-0.5021871588335851;-0.41613667949293554;0.30290825151621226;-0.7249389175884702;0.9500167933455816;0.9594073217964605;-0.21034839083947743;0.9759542057006108;0.5569524878209804;0.8048064410219045;0.3469450478132168;-0.8496379759369537;-0.7575073436657065;0.5118355793694709;0.8804126137486536;0.478697034827789;-0.1866933001099822;-0.29031063556988723;0.5741894944303612;
nw=nw=nw=nw=
0.9410204759713212;0.749666873336502;0.9669067140406784;0.11919230360082933;-0.8929335776901479;0.10658867983568476;0.6856041659938417;-0.6912995478019188;-0.0035181219602802294;-0.35487117873499363;-0.11678307385682851;0.08949554833145545;0.6221419961028418;0.26961407833476403;0.8844482995765446;-0.43061591309659186;-0.24269382908286774;0.3978591793811588;0.7158707538673004;-0.22996217190830093;0.7138174933213337;0.8992274544848156;0.49573515739859575;0.09526138467099754;
nw=nw=nw=nw=
0.45593479828673034;0.9030672076625612;-0.5117973173962111;0.7595665606426474;-0.843667752547143;-0.2585019932622481;0.3949468351276859;0.5861421449757314;0.0007746080027568603;0.7120200365670246;0.46514555046765826;-0.16931557938253294;-0.6657997098630533;0.8745336434542554;0.468308911632106;-0.4421298569474972;0.5317658675995691;-0.7522435587251397;-0.5398843762334948;-0.7023230286140147;0.5122261711052778;-0.7830412715335662;0.4242321229806314;-0.15260966754439198;
nw=nw=nw=nw=
-0.30558598673837745;-0.09196254603939757;-0.5771314487320733;0.15680406459797736;-0.6446798085299916;-0.16053287480588607;-0.4940366433135852;-0.6360249701057445;0.6213779112318734;0.6088276260014751;-0.32417026416723815;-0.5433124748904417;0.910434644307174;-0.7713928977705748;-0.5996959082344295;0.17289943093901017;-0.735954444493431;-0.2763880424363283;0.28340212875832727;-0.10587416180698761;-0.05217253805619482;-0.019829070389293157;-0.6357413001990686;0.5149771636909084;
nw=nw=nw=nw=
0.1211347998261898;-0.7525567548380152;0.5357247122252995;0.4741947259969206;0.6675874729554359;0.3163230269118864;0.8562016651731477;-0.6082258221868597;0.2692756519299111;0.9801066923720121;-0.08708957549274854;0.7252616508842675;-0.25319374863546695;-0.629082128174453;-0.9334710426375585;0.24993153562116;-0.9761091126461967;-0.9437347772777691;-0.12107166351005061;-0.17357116898036584;0.39602379913151453;-0.21623240157790202;-0.9944236642523778;-0.6885575297274289;
nw=nw=nw=nw=
-0.06838573271042159;-0.33470738029665714;-0.648541818844232;0.015954670028187845;-0.5418520640703237;-0.2844479414730978;0.3690509890266096;-0.6479550854864915;-0.6846517231534244;-0.26262138829882264;0.1938643847488597;-0.6299369934371861;0.39924014965593413;0.15599408399726888;-0.04637270503696933;-0.2648467907999954;-0.814929435071396;-0.2719814987432905;-0.01545689468686029;0.7372408419287788;0.9548083029898211;-0.49591292651670793;-0.9498248537375176;-0.1874089268004262;
nw=nw=nw=nw=
0.14485590023818706;-0.8612942751262074;0.6047018445100598;-0.17233601672372978;-0.26968556458100723;0.1814692653929555;-0.7993933722692537;-0.642604926743847;0.8277996791910491;-0.698000868797531;-0.18655639742452834;0.09380973650245839;0.13812378372610778;0.3618434915754263;0.943529218510305;-0.38560486613227574;0.34705256229417114;0.10092265338086936;-0.9379784314313779;-0.7958426891161072;0.12848947539694522;0.6530659732695996;0.4673161254259013;-0.6844572322574984;
nw=nw=nw=nw=
0.9569796555025225;0.4777069183048255;-0.8295172199720058;0.34569228485324177;-0.058927135372063066;0.9330995842378189;-0.5252423442077809;0.6503162816786157;0.9191370065107671;0.4429989579466602;-0.4355893661608383;-0.9709402369914595;0.3704617568980251;0.5071021256347967;0.6448412654815299;0.4713382908349961;-0.05380376777691698;-0.8534118231556038;-0.18537356280349582;0.45944491311000246;-0.3730473288758418;-0.4493855243880587;-0.5952865822744311;-0.8249198050774733;
nw=nw=nw=nw=
0.14861660679895028;-0.9454238009361291;-0.32633552119344533;-0.39344674189490547;-0.6877058015397415;0.5922233918757636;0.8000783837291641;-0.09063019257472305;-0.7082628779972096;-0.27947590612451756;-0.41719919181146414;-0.3633438108886533;-0.794464197388089;-0.7878974069613562;-0.16025439306859401;-0.7095758572289583;0.835109562653461;-0.1932628974233872;-0.4805509585912098;0.9632840354461529;0.8115891342809436;-0.16425994682228695;-0.25037999406612244;0.589780383912472;
nw=nw=nw=nw=
-0.9144634561692964;-0.38713401313673246;-0.6164002500858059;-0.6133671315344393;-0.11485637323584985;-0.3050714744747258;-0.15280702966913573;0.29312312870751533;0.6525051261170567;-0.9259137459258189;-0.4293038254853083;-0.1002682298197144;0.7435612824953548;0.7601881031842996;0.33395635647592914;0.38588478265126835;-0.4542162955955431;0.033699082698023686;-0.7936488432439164;-0.5685704023366811;-0.6002760568587793;-0.8529071344222638;-0.7215569090437368;-0.023383684756297374;
nw=nw=nw=nw=
0.07922453040660726;0.2474205951751589;0.7505495165544864;-0.6095830512299361;0.42290914128005896;0.6046826919364803;-0.8093483524524159;-0.5373179643063444;-0.3661038857122876;-0.9112130283446569;0.4879057476508146;0.2472783156175049;0.01922476655513017;-0.32039362526200255;-0.18815768629308716;-0.9459370601491033;0.35932719589194484;0.7570719545510913;0.5579507754726265;0.20817861829343998;-0.4482103317554764;-0.6659536443616072;-0.322432305653632;-0.8247977905962942;
nw=nw=nw=nw=
0.39858267133009395;0.2864474227535141;0.09891984863697623;-0.5839308872015034;0.2851284891978523;-0.6936135886356896;0.31494112259605167;-0.9541203974671704;-0.9263154817546002;-0.12973978302013145;-0.47068079802124085;0.7499975479601197;-0.832689583914219;-0.7686190625916025;0.8722466362946784;0.622598099932054;-0.13571502357013498;-0.5662390559838264;0.21522407087288964;0.7025646452263541;-0.7555971697789656;-0.25725293696718654;0.446415068776459;0.8879248271768103;
nw=nw=nw=nw=
0.22988833938234987;-0.2146312203556382;0.03039809220272871;-0.7402624996898761;0.8598352559747753;0.5290913157059411;-0.35441552425285616;-0.013411509064469529;-0.30059434691035847;-0.10814070976739232;0.43371386426942293;0.13902819523032872;-0.23267811410350125;-0.7554065384650668;-0.4506487082548356;-0.3840380406847359;0.23944348192079845;0.11271961383031526;-0.4233845862560466;-0.4171977840322998;-0.476317324786093;0.38784600127045055;-0.28439526200111787;-0.35261639515892873;
nw=nw=nw=nw=

lw-lw-lw-lw-
-0.8410583314180224;0.5798640293659463;0.8079155296721405;-0.7613317275594631;-0.34128470145503575;0.8099163391958069;0.33999706863941004;0.8331854788592596;-0.9912935899513684;0.3827358765457305;-0.18173417862211227;-0.44290247688084095;0.08233361018692764;-0.5662796376464407;0.37147406097888713;
nw=nw=nw=nw=
-0.43131989915647173;0.845318936617349;0.601466434543958;0.6445415140228097;0.9145457864234334;0.34790832839436603;-0.02664462622489716;-0.6362593670354741;0.7607305645551727;0.13008108405838725;-0.026107546424379624;-0.3728856096468651;-0.8754889917731714;0.18828458591868902;-0.6450460468206143;
nw=nw=nw=nw=
-0.4400745034628233;-0.20983552790349247;-0.9152632286333824;-0.05321509829859883;-0.48028473315128917;0.9283450050930919;0.9723429594146025;-0.42214578296409266;0.26071424826562173;-0.9602432427917673;0.3098976125898749;0.8992257382269537;0.8858744828186096;-0.8074047486672487;0.8953563598161638;
nw=nw=nw=nw=
-0.28033398743258076;-0.8856616438427065;0.1258270314326575;-0.6532362093145099;0.9455457339700333;0.36145547136948664;0.532520308058331;0.8444738379289918;0.35705069612508966;0.16061498954441666;0.43056103193619766;0.92955105970538;-0.6761575862913047;0.6552383841847791;-0.3015555129744203;
nw=nw=nw=nw=

lw-lw-lw-lw-

____
-0.5709205156128052;
nb=nb=nb=nb=
-0.05995764448201801;
nb=nb=nb=nb=
-0.2697200536977007;
nb=nb=nb=nb=
-0.4605304617888386;
nb=nb=nb=nb=
-0.9712491318793515;
nb=nb=nb=nb=
-0.10034996318688738;
nb=nb=nb=nb=
0.27018817040948573;
nb=nb=nb=nb=
0.6956295236006147;
nb=nb=nb=nb=
-0.5385778906823797;
nb=nb=nb=nb=
-0.5318129515613463;
nb=nb=nb=nb=
0.011768263442734073;
nb=nb=nb=nb=
0.14077850099419287;
nb=nb=nb=nb=
-0.3287536525849766;
nb=nb=nb=nb=
0.06385672061280911;
nb=nb=nb=nb=
0.19313081469464488;
nb=nb=nb=nb=

lb-lb-lb-lb-
0.9340486902663419;
nb=nb=nb=nb=
-0.34986968258989104;
nb=nb=nb=nb=
0.3141629081199182;
nb=nb=nb=nb=
-0.400707282456495;
nb=nb=nb=nb=

lb-lb-lb-lb-
